3 0 3
4 0 4
5 0 5
8 0 8
9 0 9
10 0 10
11 0 11
12 0 12
16 0 16
18 0 18
26 0 26
33 0 33
35 0 35
36 0 36
41 0 41
46 0 46
46 0 46
47 0 47
51 0 51
52 0 52
53 0 53
54 0 54
54 0 54
54 0 54
55 0 55
55 0 55
56 0 56
56 0 56
57 0 57
57 0 57
57 0 57
58 0 58
59 0 59
60 0 60
60 0 60
61 0 61
61 0 61
61 0 61
62 0 62
62 0 62
62 0 62
63 0 63
63 0 63
64 0 64
64 0 64
65 0 65
65 0 65
65 0 65
66 0 66
66 0 66
68 0 68
70 0 70
71 0 71
72 0 72
72 0 72
72 0 72
73 0 73
75 0 75
75 0 75
81 0 81
85 0 85
89 0 89
90 0 90
92 0 92
93 0 93
94 0 94
95 0 95
95 0 95
96 0 96
97 0 97
101 0 101
102 0 102
103 0 103
108 0 108
111 0 111
111 0 111
113 0 113
114 0 114
114 0 114
114 0 114
116 0 116
118 0 118
119 0 119
121 0 121
125 0 125
125 0 125
127 0 127
128 0 128
131 0 131
139 0 139
140 0 140
143 0 143
146 0 146
146 0 146
150 0 150
150 0 150
151 0 151
152 0 152
153 0 153
154 0 154
159 0 159
165 0 165
170 0 170
173 0 173
174 0 174
177 0 177
178 0 178
179 0 179
180 0 180
182 0 182
183 0 183
184 0 184
185 0 185
185 0 185
185 0 185
186 0 186
186 0 186
187 0 187
188 0 188
189 0 189
189 0 189
192 0 192
193 0 193
194 0 194
195 0 195
195 0 195
196 0 196
197 0 197
198 0 198
199 0 199
200 0 200
201 0 201
202 0 202
203 0 203
203 0 203
204 0 204
204 0 204
205 0 205
207 0 207
208 0 208
209 0 209
210 0 210
211 0 211
212 0 212
214 0 214
215 0 215
217 0 217
222 0 222
224 0 224
225 0 225
226 0 226
227 0 227
227 0 227
228 0 228
228 0 228
234 0 234
235 0 235
236 0 236
237 0 237
238 0 238
239 0 239
240 0 240
241 0 241
242 0 242
243 0 243
244 0 244
245 0 245
246 0 246
247 0 247
248 0 248
249 0 249
250 0 250
251 0 251
252 0 252
256 0 256
257 0 257
258 0 258
259 0 259
260 0 260
261 0 261
262 0 262
263 0 263
263 0 263
264 0 264
265 0 265
266 0 266
267 0 267
268 0 268
269 0 269
269 0 269
270 0 270
271 0 271
271 0 271
272 0 272
273 0 273
275 0 275
279 0 279
280 0 280
280 0 280
281 0 281
282 0 282
283 0 283
284 0 284
285 0 285
289 0 289
291 0 291
291 0 291
292 0 292
292 0 292
293 0 293
294 0 294
294 0 294
295 0 295
295 0 295
296 0 296
297 0 297
297 0 297
298 0 298
298 0 298
299 0 299
300 0 300
301 0 301
302 0 302
306 0 306
307 0 307
308 0 308
309 0 309
310 0 310
311 0 311
312 0 312
313 0 313
315 0 315
315 0 315
316 0 316
316 0 316
317 0 317
318 0 318
319 0 319
320 0 320
321 0 321
323 0 323
324 0 324
325 0 325
326 0 326
327 0 327
328 0 328
329 0 329
332 0 332
333 0 333
334 0 334
335 0 335
337 0 337
337 0 337
338 0 338
340 0 340
345 0 345
357 0 357
368 0 368
370 0 370
372 0 372
373 0 373
374 0 374
375 0 375
379 0 379
379 0 379
382 0 382
384 0 384
385 0 385
390 0 390
390 0 390
391 0 391
392 0 392
394 0 394
398 0 398
408 0 408
414 0 414
416 0 416
417 0 417
418 0 418
419 0 419
430 0 430
431 0 431
431 0 431
437 0 437
438 0 438
444 0 444
447 0 447
447 0 447
449 0 449
451 0 451
452 0 452
453 0 453
453 0 453
454 0 454
455 0 455
456 0 456
458 0 458
459 0 459
460 0 460
461 0 461
462 0 462
463 0 463
464 0 464
464 0 464
465 0 465
465 0 465
466 0 466
467 0 467
469 0 469
469 0 469
470 0 470
470 0 470
471 0 471
471 0 471
472 0 472
472 0 472
473 0 473
473 0 473
474 0 474
475 0 475
476 0 476
477 0 477
478 0 478
478 0 478
479 0 479
480 0 480
480 0 480
481 0 481
482 0 482
483 0 483
484 0 484
485 0 485
485 0 485
486 0 486
487 0 487
487 0 487
488 0 488
489 0 489
489 0 489
489 0 489
490 0 490
490 0 490
491 0 491
491 0 491
492 0 492
492 0 492
493 0 493
494 0 494
494 0 494
495 0 495
496 0 496
497 0 497
498 0 498
499 0 499
499 0 499
500 0 500
501 0 501
502 0 502
503 0 503
503 0 503
504 0 504
504 0 504
505 0 505
506 0 506
507 0 507
508 0 508
508 0 508
509 0 509
509 0 509
511 0 511
512 0 512
512 0 512
513 0 513
513 0 513
514 0 514
515 0 515
515 0 515
516 0 516
517 0 517
517 0 517
518 0 518
519 0 519
519 0 519
520 0 520
520 0 520
521 0 521
521 0 521
522 0 522
522 0 522
523 0 523
523 0 523
524 0 524
524 0 524
524 0 524
526 0 526
527 0 527
532 0 532
533 0 533
533 0 533
534 0 534
535 0 535
537 0 537
538 0 538
538 0 538
539 0 539
544 0 544
545 0 545
546 0 546
547 0 547
548 0 548
549 0 549
551 0 551
552 0 552
552 0 552
553 0 553
560 0 560
567 0 567
567 0 567
568 0 568
569 0 569
570 0 570
571 0 571
571 0 571
571 0 571
572 0 572
573 0 573
574 0 574
574 0 574
575 0 575
576 0 576
591 0 591
592 0 592
593 0 593
593 0 593
594 0 594
596 0 596
597 0 597
603 0 603
606 0 606
614 0 614
629 0 629
630 0 630
632 0 632
633 0 633
634 0 634
634 0 634
635 0 635
636 0 636
644 0 644
647 0 647
648 0 648
650 0 650
654 0 654
656 0 656
663 0 663
669 0 669
675 0 675
676 0 676
678 0 678
679 0 679
680 0 680
681 0 681
686 0 686
689 0 689
702 0 702
709 0 709
710 0 710
711 0 711
712 0 712
714 0 714
719 0 719
720 0 720
721 0 721
722 0 722
723 0 723
723 0 723
723 0 723
729 0 729
731 0 731
732 0 732
735 0 735
736 0 736
738 0 738
739 0 739
740 0 740
742 0 742
745 0 745
747 0 747
748 0 748
749 0 749
750 0 750
751 0 751
751 0 751
752 0 752
752 0 752
753 0 753
759 0 759
761 0 761
764 0 764
769 0 769
770 0 770
771 0 771
773 0 773
775 0 775
783 0 783
789 0 789
789 0 789
792 0 792
793 0 793
794 0 794
794 0 794
796 0 796
801 0 801
808 0 808
813 0 813
824 0 824
825 0 825
827 0 827
839 0 839
850 0 850
851 0 851
856 0 856
862 0 862
866 0 866
867 0 867
868 0 868
869 0 869
870 0 870
896 0 896
906 0 906
921 0 921
922 0 922
928 0 928
930 0 930
930 0 930
942 0 942
951 0 951
953 0 953
954 0 954
956 0 956
957 0 957
958 0 958
959 0 959
961 0 961
961 0 961
963 0 963
978 0 978
979 0 979
980 0 980
983 0 983
986 0 986
988 0 988
989 0 989
990 0 990
998 0 998
1002 0 1002
1005 0 1005
1007 0 1007
1008 0 1008
1009 0 1009
1018 0 1018
1019 0 1019
1027 0 1027
1038 0 1038
1039 0 1039
1040 0 1040
1041 0 1041
1047 0 1047
1048 0 1048
1053 0 1053
1095 0 1095
1106 0 1106
1107 0 1107
1116 0 1116
1117 0 1117
1118 0 1118
1119 0 1119
1120 0 1120
1148 0 1148
1154 0 1154
1173 0 1173
1185 0 1185
1187 0 1187
1189 0 1189
1192 0 1192
1192 0 1192
1193 0 1193
1211 0 1211
1222 0 1222
1235 0 1235
1236 0 1236
1243 0 1243
1275 0 1275
1282 0 1282
1284 0 1284
1290 0 1290
1291 0 1291
1292 0 1292
1299 0 1299
1303 0 1303
1309 0 1309
1310 0 1310
1313 0 1313
1331 0 1331
1341 0 1341
1342 0 1342
1346 0 1346
1352 0 1352
1368 0 1368
1375 0 1375
1377 0 1377
1382 0 1382
1386 0 1386
1391 0 1391
1393 0 1393
1405 0 1405
1406 0 1406
1407 0 1407
1413 0 1413
1415 0 1415
1416 0 1416
1420 0 1420
1422 0 1422
1438 0 1438
1442 0 1442
1452 0 1452
1453 0 1453
1461 0 1461
1462 0 1462
1462 0 1462
1473 0 1473
1494 0 1494
1503 0 1503
1508 0 1508
1520 0 1520
1524 0 1524
1530 0 1530
1531 0 1531
1536 0 1536
1537 0 1537
1541 0 1541
1542 0 1542
1555 0 1555
1556 0 1556
1585 0 1585
1590 0 1590
1598 0 1598
1601 0 1601
1607 0 1607
1618 0 1618
1625 0 1625
1628 0 1628
1654 0 1654
1656 0 1656
1657 0 1657
1658 0 1658
1664 0 1664
1670 0 1670
1673 0 1673
1676 0 1676
1677 0 1677
1686 0 1686
1692 0 1692
1692 0 1692
1692 0 1692
1694 0 1694
1699 0 1699
1700 0 1700
1703 0 1703
1706 0 1706
1709 0 1709
1709 0 1709
1710 0 1710
1711 0 1711
1715 0 1715
1716 0 1716
1717 0 1717
1718 0 1718
1719 0 1719
1721 0 1721
1733 0 1733
1734 0 1734
1736 0 1736
1737 0 1737
1738 0 1738
1746 0 1746
1760 0 1760
1762 0 1762
1763 0 1763
1766 0 1766
1766 0 1766
1772 0 1772
1780 0 1780
1788 0 1788
1790 0 1790
1804 0 1804
1806 0 1806
1808 0 1808
1809 0 1809
1810 0 1810
1811 0 1811
1812 0 1812
1819 0 1819
1820 0 1820
1821 0 1821
1822 0 1822
1824 0 1824
1829 0 1829
1832 0 1832
1833 0 1833
1834 0 1834
1835 0 1835
1836 0 1836
1842 0 1842
1849 0 1849
1850 0 1850
1861 0 1861
1871 0 1871
1872 0 1872
1883 0 1883
1888 0 1888
1888 0 1888
1889 0 1889
1892 0 1892
1896 0 1896
1900 0 1900
1900 0 1900
1914 0 1914
1926 0 1926
1926 0 1926
1927 0 1927
1935 0 1935
1943 0 1943
1949 0 1949
1957 0 1957
1958 0 1958
1959 0 1959
1977 0 1977
1978 0 1978
1978 0 1978
1986 0 1986
1992 0 1992
2000 0 2000
2010 0 2010
2045 0 2045
2056 0 2056
2060 0 2060
2065 0 2065
2066 0 2066
2068 0 2068
2069 0 2069
2070 0 2070
2071 0 2071
2072 0 2072
2076 0 2076
2079 0 2079
2080 0 2080
2083 0 2083
2092 0 2092
2098 0 2098
2101 0 2101
2109 0 2109
2120 0 2120
2124 0 2124
2124 0 2124
2140 0 2140
2141 0 2141
2145 0 2145
2157 0 2157
2158 0 2158
2159 0 2159
2163 0 2163
2163 0 2163
2179 0 2179
2195 0 2195
2217 0 2217
2218 0 2218
2220 0 2220
2220 0 2220
2222 0 2222
2222 0 2222
2223 0 2223
2225 0 2225
2226 0 2226
2234 0 2234
2239 0 2239
2244 0 2244
2245 0 2245
2245 0 2245
2246 0 2246
2248 0 2248
2251 0 2251
2259 0 2259
2261 0 2261
2262 0 2262
2263 0 2263
2263 0 2263
2270 0 2270
2272 0 2272
2280 0 2280
2281 0 2281
2281 0 2281
2282 0 2282
2283 0 2283
2284 0 2284
2285 0 2285
2294 0 2294
2304 0 2304
2308 0 2308
2315 0 2315
2320 0 2320
2322 0 2322
2322 0 2322
2330 0 2330
2332 0 2332
2351 0 2351
2352 0 2352
2355 0 2355
2356 0 2356
2357 0 2357
2358 0 2358
2359 0 2359
2361 0 2361
2363 0 2363
2370 0 2370
2378 0 2378
2378 0 2378
2380 0 2380
2383 0 2383
2387 0 2387
2388 0 2388
2389 0 2389
2392 0 2392
2393 0 2393
2396 0 2396
2397 0 2397
2404 0 2404
2405 0 2405
2412 0 2412
2413 0 2413
2414 0 2414
2416 0 2416
2417 0 2417
2438 0 2438
2442 0 2442
2442 0 2442
2444 0 2444
2445 0 2445
2483 0 2483
2486 0 2486
2523 0 2523
2524 0 2524
2526 0 2526
2557 0 2557
2558 0 2558
2581 0 2581
2589 0 2589
2609 0 2609
2619 0 2619
2623 0 2623
2626 0 2626
2626 0 2626
2628 0 2628
2638 0 2638
2639 0 2639
2649 0 2649
2652 0 2652
2672 0 2672
2686 0 2686
2695 0 2695
2701 0 2701
2702 0 2702
2706 0 2706
2707 0 2707
2707 0 2707
2709 0 2709
2735 0 2735
2746 0 2746
2749 0 2749
2755 0 2755
2756 0 2756
2757 0 2757
2758 0 2758
2759 0 2759
2760 0 2760
2762 0 2762
2763 0 2763
2765 0 2765
2766 0 2766
2766 0 2766
2768 0 2768
2769 0 2769
2772 0 2772
2775 0 2775
2779 0 2779
2780 0 2780
2786 0 2786
2789 0 2789
2792 0 2792
2804 0 2804
2829 0 2829
2831 0 2831
2831 0 2831
2833 0 2833
2834 0 2834
2835 0 2835
2835 0 2835
2836 0 2836
2836 0 2836
2848 0 2848
2849 0 2849
2850 0 2850
2851 0 2851
2856 0 2856
2857 0 2857
2858 0 2858
2863 0 2863
2875 0 2875
2879 0 2879
2880 0 2880
2882 0 2882
2884 0 2884
2885 0 2885
2887 0 2887
2889 0 2889
2903 0 2903
2905 0 2905
2906 0 2906
2951 0 2951
2963 0 2963
2969 0 2969
3010 0 3010
3027 0 3027
3083 0 3083
3084 0 3084
3096 0 3096
3105 0 3105
3105 0 3105
3106 0 3106
3109 0 3109
3110 0 3110
3111 0 3111
3116 0 3116
3140 0 3140
3144 0 3144
3145 0 3145
3150 0 3150
3157 0 3157
3169 0 3169
3170 0 3170
3172 0 3172
3173 0 3173
3184 0 3184
3192 0 3192
3196 0 3196
3197 0 3197
3199 0 3199
3200 0 3200
3200 0 3200
3202 0 3202
3203 0 3203
3204 0 3204
3206 0 3206
3208 0 3208
3209 0 3209
3209 0 3209
3210 0 3210
3211 0 3211
3212 0 3212
3213 0 3213
3221 0 3221
3243 0 3243
3244 0 3244
3253 0 3253
3254 0 3254
3254 0 3254
3261 0 3261
3275 0 3275
3277 0 3277
3278 0 3278
3290 0 3290
3305 0 3305
3306 0 3306
3308 0 3308
3308 0 3308
3310 0 3310
3311 0 3311
3316 0 3316
3318 0 3318
3319 0 3319
3321 0 3321
3324 0 3324
3327 0 3327
3330 0 3330
3333 0 3333
3334 0 3334
3335 0 3335
3335 0 3335
3336 0 3336
3337 0 3337
3338 0 3338
3339 0 3339
3342 0 3342
3345 0 3345
3348 0 3348
3349 0 3349
3350 0 3350
3351 0 3351
3355 0 3355
3357 0 3357
3359 0 3359
3360 0 3360
3363 0 3363
3364 0 3364
3368 0 3368
3372 0 3372
3375 0 3375
3378 0 3378
3381 0 3381
3384 0 3384
3385 0 3385
3387 0 3387
3388 0 3388
3390 0 3390
3391 0 3391
3392 0 3392
3394 0 3394
3395 0 3395
3396 0 3396
3397 0 3397
3398 0 3398
3399 0 3399
3399 0 3399
3402 0 3402
3405 0 3405
3411 0 3411
3414 0 3414
3417 0 3417
3420 0 3420
3421 0 3421
3423 0 3423
3423 0 3423
3423 0 3423
3426 0 3426
3429 0 3429
3432 0 3432
3434 0 3434
3435 0 3435
3438 0 3438
3441 0 3441
3442 0 3442
3444 0 3444
3447 0 3447
3450 0 3450
3453 0 3453
3456 0 3456
3459 0 3459
3460 0 3460
3462 0 3462
3465 0 3465
3474 0 3474
3480 0 3480
3483 0 3483
3486 0 3486
3487 0 3487
3492 0 3492
3495 0 3495
3496 0 3496
3496 0 3496
3497 0 3497
3498 0 3498
3498 0 3498
3504 0 3504
3505 0 3505
3507 0 3507
3507 0 3507
3507 0 3507
3509 0 3509
3510 0 3510
3510 0 3510
3511 0 3511
3513 0 3513
3516 0 3516
3516 0 3516
3519 0 3519
3522 0 3522
3523 0 3523
3523 0 3523
3525 0 3525
3525 0 3525
3528 0 3528
3531 0 3531
3531 0 3531
3533 0 3533
3535 0 3535
3535 0 3535
3537 0 3537
3540 0 3540
3541 0 3541
3543 0 3543
3546 0 3546
3546 0 3546
3547 0 3547
3548 0 3548
3549 0 3549
3552 0 3552
3552 0 3552
3553 0 3553
3555 0 3555
3556 0 3556
3558 0 3558
3564 0 3564
3565 0 3565
3567 0 3567
3571 0 3571
3573 0 3573
3576 0 3576
3578 0 3578
3579 0 3579
3584 0 3584
3585 0 3585
3588 0 3588
3589 0 3589
3591 0 3591
3592 0 3592
3593 0 3593
3594 0 3594
3600 0 3600
3603 0 3603
3606 0 3606
3609 0 3609
3612 0 3612
3613 0 3613
3615 0 3615
3618 0 3618
3621 0 3621
3624 0 3624
3627 0 3627
3630 0 3630
3633 0 3633
3635 0 3635
3637 0 3637
3639 0 3639
3640 0 3640
3644 0 3644
3645 0 3645
3645 0 3645
3648 0 3648
3652 0 3652
3654 0 3654
3660 0 3660
3663 0 3663
3666 0 3666
3669 0 3669
3672 0 3672
3675 0 3675
3687 0 3687
3688 0 3688
3691 0 3691
3693 0 3693
3693 0 3693
3696 0 3696
3699 0 3699
3699 0 3699
3702 0 3702
3705 0 3705
3705 0 3705
3708 0 3708
3714 0 3714
3720 0 3720
3721 0 3721
3729 0 3729
3729 0 3729
3732 0 3732
3736 0 3736
3738 0 3738
3741 0 3741
3744 0 3744
3745 0 3745
3746 0 3746
3747 0 3747
3750 0 3750
3753 0 3753
3754 0 3754
3756 0 3756
3757 0 3757
3759 0 3759
3760 0 3760
3762 0 3762
3763 0 3763
3764 0 3764
3766 0 3766
3768 0 3768
3769 0 3769
3777 0 3777
3780 0 3780
3786 0 3786
3789 0 3789
3792 0 3792
3795 0 3795
3796 0 3796
3796 0 3796
3798 0 3798
3801 0 3801
3802 0 3802
3803 0 3803
3808 0 3808
3813 0 3813
3816 0 3816
3817 0 3817
3819 0 3819
3826 0 3826
3828 0 3828
3834 0 3834
3834 0 3834
3837 0 3837
3840 0 3840
3843 0 3843
3847 0 3847
3849 0 3849
3852 0 3852
3861 0 3861
3864 0 3864
3865 0 3865
3866 0 3866
3867 0 3867
3873 0 3873
3874 0 3874
3879 0 3879
3882 0 3882
3891 0 3891
3892 0 3892
3894 0 3894
3897 0 3897
3897 0 3897
3903 0 3903
3906 0 3906
3906 0 3906
3907 0 3907
3909 0 3909
3912 0 3912
3915 0 3915
3918 0 3918
3921 0 3921
3921 0 3921
3927 0 3927
3930 0 3930
3936 0 3936
3943 0 3943
3944 0 3944
3945 0 3945
3948 0 3948
3954 0 3954
3957 0 3957
3960 0 3960
3966 0 3966
3969 0 3969
3970 0 3970
3972 0 3972
3975 0 3975
3981 0 3981
3984 0 3984
3987 0 3987
3990 0 3990
3992 0 3992
3995 0 3995
3995 0 3995
3996 0 3996
3999 0 3999
4002 0 4002
4005 0 4005
4008 0 4008
4011 0 4011
4012 0 4012
4013 0 4013
4014 0 4014
4017 0 4017
4017 0 4017
4020 0 4020
4021 0 4021
4023 0 4023
4024 0 4024
4024 0 4024
4025 0 4025
4026 0 4026
4029 0 4029
4029 0 4029
4032 0 4032
4035 0 4035
4038 0 4038
4044 0 4044
4047 0 4047
4048 0 4048
4050 0 4050
4052 0 4052
4053 0 4053
4056 0 4056
4059 0 4059
4062 0 4062
4065 0 4065
4071 0 4071
4079 0 4079
4080 0 4080
4083 0 4083
4084 0 4084
4086 0 4086
4087 0 4087
4088 0 4088
4092 0 4092
4093 0 4093
4094 0 4094
4095 0 4095
4098 0 4098
4099 0 4099
4101 0 4101
4102 0 4102
4102 0 4102
4104 0 4104
4107 0 4107
4109 0 4109
4113 0 4113
4117 0 4117
4122 0 4122
4123 0 4123
4129 0 4129
4131 0 4131
4132 0 4132
4134 0 4134
4135 0 4135
4136 0 4136
4137 0 4137
4140 0 4140
4155 0 4155
4158 0 4158
4161 0 4161
4164 0 4164
4167 0 4167
4170 0 4170
4171 0 4171
4172 0 4172
4173 0 4173
4176 0 4176
4180 0 4180
4181 0 4181
4182 0 4182
4185 0 4185
4186 0 4186
4188 0 4188
4191 0 4191
4191 0 4191
4194 0 4194
4197 0 4197
4198 0 4198
4200 0 4200
4200 0 4200
4203 0 4203
4204 0 4204
4205 0 4205
4206 0 4206
4209 0 4209
4212 0 4212
4215 0 4215
4216 0 4216
4218 0 4218
4219 0 4219
4221 0 4221
4221 0 4221
4224 0 4224
4225 0 4225
4226 0 4226
4227 0 4227
4230 0 4230
4231 0 4231
4232 0 4232
4233 0 4233
4234 0 4234
4242 0 4242
4243 0 4243
4245 0 4245
4248 0 4248
4254 0 4254
4257 0 4257
4259 0 4259
4260 0 4260
4277 0 4277
4295 0 4295
4310 0 4310
4312 0 4312
4313 0 4313
4314 0 4314
4314 0 4314
4315 0 4315
4316 0 4316
4317 0 4317
4320 0 4320
4335 0 4335
4336 0 4336
4340 0 4340
4342 0 4342
4343 0 4343
4345 0 4345
4350 0 4350
4353 0 4353
4354 0 4354
4356 0 4356
4363 0 4363
4370 0 4370
4371 0 4371
4373 0 4373
4375 0 4375
4380 0 4380
4384 0 4384
4385 0 4385
4385 0 4385
4386 0 4386
4387 0 4387
4388 0 4388
4392 0 4392
4394 0 4394
4395 0 4395
4401 0 4401
4417 0 4417
4418 0 4418
4435 0 4435
4452 0 4452
4454 0 4454
4454 0 4454
4456 0 4456
4464 0 4464
4466 0 4466
4481 0 4481
4484 0 4484
4487 0 4487
4491 0 4491
4493 0 4493
4496 0 4496
4500 0 4500
4501 0 4501
4502 0 4502
4505 0 4505
4506 0 4506
4508 0 4508
4511 0 4511
4512 0 4512
4525 0 4525
4529 0 4529
4529 0 4529
4532 0 4532
4538 0 4538
4541 0 4541
4547 0 4547
4550 0 4550
4553 0 4553
4554 0 4554
4560 0 4560
4561 0 4561
4562 0 4562
4562 0 4562
4574 0 4574
4577 0 4577
4580 0 4580
4586 0 4586
4589 0 4589
4592 0 4592
4596 0 4596
4598 0 4598
4599 0 4599
4604 0 4604
4612 0 4612
4615 0 4615
4616 0 4616
4619 0 4619
4622 0 4622
4625 0 4625
4626 0 4626
4634 0 4634
4637 0 4637
4638 0 4638
4639 0 4639
4640 0 4640
4640 0 4640
4643 0 4643
4646 0 4646
4649 0 4649
4652 0 4652
4654 0 4654
4655 0 4655
4659 0 4659
4667 0 4667
4670 0 4670
4673 0 4673
4674 0 4674
4676 0 4676
4676 0 4676
4679 0 4679
4680 0 4680
4682 0 4682
4688 0 4688
4688 0 4688
4688 0 4688
4691 0 4691
4694 0 4694
4695 0 4695
4696 0 4696
4697 0 4697
4702 0 4702
4703 0 4703
4705 0 4705
4706 0 4706
4707 0 4707
4709 0 4709
4711 0 4711
4712 0 4712
4715 0 4715
4718 0 4718
4721 0 4721
4722 0 4722
4727 0 4727
4728 0 4728
4730 0 4730
4732 0 4732
4733 0 4733
4734 0 4734
4735 0 4735
4736 0 4736
4739 0 4739
4740 0 4740
4742 0 4742
4745 0 4745
4749 0 4749
4755 0 4755
4760 0 4760
4763 0 4763
4763 0 4763
4766 0 4766
4767 0 4767
4768 0 4768
4769 0 4769
4772 0 4772
4775 0 4775
4781 0 4781
4787 0 4787
4790 0 4790
4793 0 4793
4796 0 4796
4802 0 4802
4805 0 4805
4808 0 4808
4811 0 4811
4812 0 4812
4814 0 4814
4820 0 4820
4823 0 4823
4824 0 4824
4826 0 4826
4829 0 4829
4832 0 4832
4833 0 4833
4838 0 4838
4841 0 4841
4843 0 4843
4850 0 4850
4851 0 4851
4853 0 4853
4856 0 4856
4859 0 4859
4871 0 4871
4880 0 4880
4883 0 4883
4884 0 4884
4886 0 4886
4886 0 4886
4890 0 4890
4892 0 4892
4895 0 4895
4896 0 4896
4898 0 4898
4901 0 4901
4902 0 4902
4902 0 4902
4904 0 4904
4904 0 4904
4907 0 4907
4908 0 4908
4913 0 4913
4913 0 4913
4916 0 4916
4917 0 4917
4919 0 4919
4923 0 4923
4924 0 4924
4924 0 4924
4925 0 4925
4928 0 4928
4931 0 4931
4934 0 4934
4936 0 4936
4937 0 4937
4943 0 4943
4944 0 4944
4946 0 4946
4947 0 4947
4949 0 4949
4952 0 4952
4955 0 4955
4958 0 4958
4959 0 4959
4960 0 4960
4961 0 4961
4961 0 4961
4964 0 4964
4965 0 4965
4967 0 4967
4970 0 4970
4973 0 4973
4976 0 4976
4977 0 4977
4985 0 4985
4988 0 4988
4991 0 4991
4994 0 4994
4997 0 4997
5001 0 5001
5004 0 5004
5006 0 5006
5009 0 5009
5012 0 5012
5019 0 5019
5021 0 5021
5024 0 5024
5027 0 5027
5028 0 5028
5029 0 5029
5030 0 5030
5033 0 5033
5036 0 5036
5045 0 5045
5046 0 5046
5048 0 5048
5049 0 5049
5051 0 5051
5054 0 5054
5054 0 5054
5057 0 5057
5060 0 5060
5063 0 5063
5067 0 5067
5069 0 5069
5069 0 5069
5074 0 5074
5075 0 5075
5076 0 5076
5078 0 5078
5081 0 5081
5082 0 5082
5084 0 5084
5086 0 5086
5087 0 5087
5090 0 5090
5093 0 5093
5094 0 5094
5095 0 5095
5096 0 5096
5100 0 5100
5102 0 5102
5104 0 5104
5105 0 5105
5108 0 5108
5111 0 5111
5112 0 5112
5117 0 5117
5118 0 5118
5120 0 5120
5123 0 5123
5124 0 5124
5127 0 5127
5128 0 5128
5130 0 5130
5134 0 5134
5135 0 5135
5141 0 5141
5147 0 5147
5147 0 5147
5153 0 5153
5154 0 5154
5154 0 5154
5156 0 5156
5157 0 5157
5162 0 5162
5165 0 5165
5174 0 5174
5177 0 5177
5178 0 5178
5180 0 5180
5181 0 5181
5183 0 5183
5186 0 5186
5186 0 5186
5187 0 5187
5189 0 5189
5191 0 5191
5192 0 5192
5194 0 5194
5195 0 5195
5196 0 5196
5198 0 5198
5201 0 5201
5205 0 5205
5205 0 5205
5206 0 5206
5208 0 5208
5210 0 5210
5211 0 5211
5213 0 5213
5213 0 5213
5222 0 5222
5228 0 5228
5229 0 5229
5231 0 5231
5234 0 5234
5237 0 5237
5238 0 5238
5240 0 5240
5243 0 5243
5246 0 5246
5249 0 5249
5250 0 5250
5252 0 5252
5255 0 5255
5258 0 5258
5261 0 5261
5262 0 5262
5263 0 5263
5264 0 5264
5265 0 5265
5267 0 5267
5268 0 5268
5270 0 5270
5273 0 5273
5276 0 5276
5277 0 5277
5279 0 5279
5279 0 5279
5285 0 5285
5288 0 5288
5291 0 5291
5294 0 5294
5295 0 5295
5297 0 5297
5297 0 5297
5298 0 5298
5300 0 5300
5301 0 5301
5301 0 5301
5302 0 5302
5303 0 5303
5306 0 5306
5309 0 5309
5310 0 5310
5312 0 5312
5315 0 5315
5316 0 5316
5318 0 5318
5319 0 5319
5319 0 5319
5320 0 5320
5321 0 5321
5322 0 5322
5324 0 5324
5325 0 5325
5327 0 5327
5330 0 5330
5331 0 5331
5333 0 5333
5333 0 5333
5336 0 5336
5339 0 5339
5342 0 5342
5345 0 5345
5348 0 5348
5351 0 5351
5354 0 5354
5355 0 5355
5360 0 5360
5363 0 5363
5366 0 5366
5366 0 5366
5372 0 5372
5375 0 5375
5378 0 5378
5379 0 5379
5387 0 5387
5390 0 5390
5393 0 5393
5402 0 5402
5414 0 5414
5417 0 5417
5418 0 5418
5420 0 5420
5423 0 5423
5426 0 5426
5427 0 5427
5432 0 5432
5435 0 5435
5436 0 5436
5437 0 5437
5438 0 5438
5441 0 5441
5441 0 5441
5441 0 5441
5442 0 5442
5447 0 5447
5447 0 5447
5450 0 5450
5451 0 5451
5452 0 5452
5456 0 5456
5457 0 5457
5459 0 5459
5460 0 5460
5461 0 5461
5463 0 5463
5465 0 5465
5466 0 5466
5471 0 5471
5474 0 5474
5477 0 5477
5478 0 5478
5480 0 5480
5483 0 5483
5483 0 5483
5484 0 5484
5486 0 5486
5489 0 5489
5492 0 5492
5493 0 5493
5495 0 5495
5496 0 5496
5498 0 5498
5499 0 5499
5501 0 5501
5505 0 5505
5507 0 5507
5508 0 5508
5509 0 5509
5510 0 5510
5512 0 5512
5514 0 5514
5515 0 5515
5516 0 5516
5527 0 5527
5528 0 5528
5529 0 5529
5530 0 5530
5539 0 5539
5553 0 5553
5553 0 5553
5554 0 5554
5554 0 5554
5557 0 5557
5558 0 5558
5561 0 5561
5563 0 5563
5564 0 5564
5566 0 5566
5567 0 5567
5568 0 5568
5573 0 5573
5580 0 5580
5581 0 5581
5582 0 5582
5582 0 5582
5583 0 5583
5584 0 5584
5585 0 5585
5586 0 5586
5587 0 5587
5592 0 5592
5600 0 5600
5601 0 5601
5603 0 5603
5605 0 5605
5615 0 5615
5618 0 5618
5628 0 5628
5633 0 5633
5634 0 5634
5641 0 5641
5654 0 5654
5655 0 5655
5656 0 5656
5662 0 5662
5663 0 5663
5664 0 5664
5665 0 5665
5671 0 5671
5673 0 5673
5686 0 5686
5704 0 5704
5705 0 5705
5711 0 5711
5715 0 5715
5725 0 5725
5742 0 5742
5744 0 5744
5746 0 5746
5747 0 5747
5768 0 5768
5772 0 5772
5773 0 5773
5774 0 5774
5774 0 5774
5774 0 5774
5775 0 5775
5777 0 5777
5780 0 5780
5782 0 5782
5783 0 5783
5785 0 5785
5786 0 5786
5788 0 5788
5790 0 5790
5794 0 5794
5806 0 5806
5811 0 5811
5812 0 5812
5813 0 5813
5814 0 5814
5817 0 5817
5821 0 5821
5822 0 5822
5823 0 5823
5824 0 5824
5826 0 5826
5836 0 5836
5839 0 5839
5840 0 5840
5843 0 5843
5846 0 5846
5875 0 5875
5876 0 5876
5890 0 5890
5892 0 5892
5892 0 5892
5893 0 5893
5894 0 5894
5894 0 5894
5895 0 5895
5896 0 5896
5900 0 5900
5902 0 5902
5910 0 5910
5911 0 5911
5912 0 5912
5913 0 5913
5915 0 5915
5918 0 5918
5930 0 5930
5936 0 5936
5939 0 5939
5945 0 5945
5951 0 5951
5960 0 5960
5961 0 5961
5964 0 5964
5969 0 5969
5972 0 5972
5973 0 5973
5978 0 5978
5979 0 5979
5981 0 5981
5984 0 5984
5984 0 5984
5985 0 5985
5987 0 5987
5987 0 5987
5988 0 5988
5990 0 5990
5995 0 5995
5999 0 5999
6002 0 6002
6005 0 6005
6011 0 6011
6014 0 6014
6018 0 6018
6020 0 6020
6023 0 6023
6026 0 6026
6026 0 6026
6032 0 6032
6035 0 6035
6039 0 6039
6040 0 6040
6040 0 6040
6041 0 6041
6042 0 6042
6044 0 6044
6045 0 6045
6047 0 6047
6050 0 6050
6053 0 6053
6056 0 6056
6059 0 6059
6060 0 6060
6060 0 6060
6065 0 6065
6071 0 6071
6074 0 6074
6077 0 6077
6080 0 6080
6083 0 6083
6086 0 6086
6092 0 6092
6095 0 6095
6101 0 6101
6104 0 6104
6113 0 6113
6116 0 6116
6119 0 6119
6120 0 6120
6122 0 6122
6125 0 6125
6126 0 6126
6128 0 6128
6131 0 6131
6134 0 6134
6137 0 6137
6146 0 6146
6149 0 6149
6150 0 6150
6152 0 6152
6158 0 6158
6164 0 6164
6167 0 6167
6170 0 6170
6173 0 6173
6176 0 6176
6179 0 6179
6182 0 6182
6185 0 6185
6197 0 6197
6200 0 6200
6203 0 6203
6209 0 6209
6212 0 6212
6215 0 6215
6216 0 6216
6218 0 6218
6221 0 6221
6221 0 6221
6227 0 6227
6228 0 6228
6230 0 6230
6231 0 6231
6233 0 6233
6237 0 6237
6239 0 6239
6245 0 6245
6248 0 6248
6249 0 6249
6250 0 6250
6251 0 6251
6252 0 6252
6253 0 6253
6254 0 6254
6257 0 6257
6260 0 6260
6261 0 6261
6263 0 6263
6266 0 6266
6267 0 6267
6272 0 6272
6275 0 6275
6278 0 6278
6281 0 6281
6284 0 6284
6285 0 6285
6287 0 6287
6290 0 6290
6293 0 6293
6296 0 6296
6296 0 6296
6297 0 6297
6299 0 6299
6302 0 6302
6305 0 6305
6308 0 6308
6311 0 6311
6314 0 6314
6317 0 6317
6320 0 6320
6323 0 6323
6326 0 6326
6329 0 6329
6332 0 6332
6338 0 6338
6339 0 6339
6340 0 6340
6341 0 6341
6345 0 6345
6347 0 6347
6351 0 6351
6353 0 6353
6357 0 6357
6359 0 6359
6365 0 6365
6366 0 6366
6366 0 6366
6367 0 6367
6371 0 6371
6374 0 6374
6377 0 6377
6378 0 6378
6379 0 6379
6380 0 6380
6383 0 6383
6386 0 6386
6389 0 6389
6391 0 6391
6392 0 6392
6393 0 6393
6395 0 6395
6398 0 6398
6401 0 6401
6402 0 6402
6405 0 6405
6407 0 6407
6410 0 6410
6413 0 6413
6417 0 6417
6419 0 6419
6422 0 6422
6425 0 6425
6431 0 6431
6434 0 6434
6437 0 6437
6443 0 6443
6445 0 6445
6446 0 6446
6446 0 6446
6452 0 6452
6455 0 6455
6456 0 6456
6458 0 6458
6461 0 6461
6464 0 6464
6464 0 6464
6465 0 6465
6473 0 6473
6476 0 6476
6479 0 6479
6480 0 6480
6481 0 6481
6482 0 6482
6483 0 6483
6485 0 6485
6488 0 6488
6489 0 6489
6491 0 6491
6491 0 6491
6492 0 6492
6494 0 6494
6497 0 6497
6498 0 6498
6503 0 6503
6506 0 6506
6507 0 6507
6509 0 6509
6510 0 6510
6512 0 6512
6515 0 6515
6515 0 6515
6518 0 6518
6520 0 6520
6521 0 6521
6524 0 6524
6527 0 6527
6528 0 6528
6530 0 6530
6531 0 6531
6533 0 6533
6536 0 6536
6539 0 6539
6542 0 6542
6545 0 6545
6546 0 6546
6548 0 6548
6551 0 6551
6554 0 6554
6557 0 6557
6563 0 6563
6566 0 6566
6569 0 6569
6569 0 6569
6570 0 6570
6575 0 6575
6578 0 6578
6581 0 6581
6584 0 6584
6587 0 6587
6590 0 6590
6593 0 6593
6596 0 6596
6599 0 6599
6602 0 6602
6603 0 6603
6605 0 6605
6614 0 6614
6617 0 6617
6620 0 6620
6620 0 6620
6623 0 6623
6626 0 6626
6629 0 6629
6632 0 6632
6635 0 6635
6638 0 6638
6641 0 6641
6644 0 6644
6647 0 6647
6647 0 6647
6647 0 6647
6650 0 6650
6653 0 6653
6656 0 6656
6659 0 6659
6663 0 6663
6665 0 6665
6668 0 6668
6671 0 6671
6674 0 6674
6680 0 6680
6681 0 6681
6683 0 6683
6689 0 6689
6692 0 6692
6701 0 6701
6704 0 6704
6707 0 6707
6710 0 6710
6713 0 6713
6716 0 6716
6719 0 6719
6722 0 6722
6723 0 6723
6728 0 6728
6734 0 6734
6737 0 6737
6740 0 6740
6743 0 6743
6746 0 6746
6749 0 6749
6750 0 6750
6752 0 6752
6755 0 6755
6758 0 6758
6764 0 6764
6767 0 6767
6770 0 6770
6773 0 6773
6776 0 6776
6779 0 6779
6782 0 6782
6791 0 6791
6794 0 6794
6800 0 6800
6806 0 6806
6809 0 6809
6815 0 6815
6821 0 6821
6827 0 6827
6836 0 6836
6842 0 6842
6845 0 6845
6848 0 6848
6848 0 6848
6851 0 6851
6852 0 6852
6854 0 6854
6857 0 6857
6863 0 6863
6866 0 6866
6869 0 6869
6872 0 6872
6875 0 6875
6881 0 6881
6884 0 6884
6887 0 6887
6890 0 6890
6891 0 6891
6893 0 6893
6896 0 6896
6899 0 6899
6902 0 6902
6905 0 6905
6908 0 6908
6911 0 6911
6914 0 6914
6915 0 6915
6917 0 6917
6918 0 6918
6920 0 6920
6923 0 6923
6927 0 6927
6929 0 6929
6932 0 6932
6935 0 6935
6938 0 6938
6941 0 6941
6944 0 6944
6947 0 6947
6950 0 6950
6951 0 6951
6953 0 6953
6956 0 6956
6956 0 6956
6959 0 6959
6960 0 6960
6962 0 6962
6962 0 6962
6965 0 6965
6965 0 6965
6971 0 6971
6973 0 6973
6974 0 6974
6975 0 6975
6989 0 6989
6990 0 6990
6995 0 6995
7001 0 7001
7001 0 7001
7004 0 7004
7007 0 7007
7010 0 7010
7013 0 7013
7022 0 7022
7022 0 7022
7025 0 7025
7025 0 7025
7028 0 7028
7031 0 7031
7034 0 7034
7040 0 7040
7041 0 7041
7043 0 7043
7046 0 7046
7049 0 7049
7051 0 7051
7052 0 7052
7055 0 7055
7058 0 7058
7061 0 7061
7064 0 7064
7070 0 7070
7073 0 7073
7076 0 7076
7079 0 7079
7080 0 7080
7082 0 7082
7083 0 7083
7085 0 7085
7091 0 7091
7094 0 7094
7098 0 7098
7100 0 7100
7106 0 7106
7109 0 7109
7112 0 7112
7114 0 7114
7118 0 7118
7119 0 7119
7124 0 7124
7129 0 7129
7130 0 7130
7142 0 7142
7145 0 7145
7146 0 7146
7148 0 7148
7149 0 7149
7150 0 7150
7151 0 7151
7153 0 7153
7154 0 7154
7157 0 7157
7158 0 7158
7159 0 7159
7160 0 7160
7166 0 7166
7169 0 7169
7170 0 7170
7175 0 7175
7181 0 7181
7184 0 7184
7187 0 7187
7191 0 7191
7193 0 7193
7196 0 7196
7196 0 7196
7202 0 7202
7205 0 7205
7211 0 7211
7214 0 7214
7220 0 7220
7226 0 7226
7229 0 7229
7235 0 7235
7235 0 7235
7238 0 7238
7241 0 7241
7244 0 7244
7245 0 7245
7247 0 7247
7249 0 7249
7250 0 7250
7253 0 7253
7256 0 7256
7257 0 7257
7258 0 7258
7262 0 7262
7265 0 7265
7268 0 7268
7268 0 7268
7269 0 7269
7270 0 7270
7271 0 7271
7274 0 7274
7277 0 7277
7278 0 7278
7280 0 7280
7283 0 7283
7289 0 7289
7292 0 7292
7295 0 7295
7298 0 7298
7299 0 7299
7301 0 7301
7302 0 7302
7304 0 7304
7307 0 7307
7309 0 7309
7310 0 7310
7313 0 7313
7316 0 7316
7317 0 7317
7319 0 7319
7325 0 7325
7328 0 7328
7331 0 7331
7334 0 7334
7337 0 7337
7340 0 7340
7343 0 7343
7346 0 7346
7349 0 7349
7352 0 7352
7353 0 7353
7354 0 7354
7356 0 7356
7358 0 7358
7362 0 7362
7364 0 7364
7365 0 7365
7369 0 7369
7372 0 7372
7376 0 7376
7377 0 7377
7379 0 7379
7382 0 7382
7385 0 7385
7388 0 7388
7389 0 7389
7391 0 7391
7394 0 7394
7397 0 7397
7403 0 7403
7406 0 7406
7407 0 7407
7412 0 7412
7418 0 7418
7419 0 7419
7421 0 7421
7424 0 7424
7427 0 7427
7430 0 7430
7433 0 7433
7436 0 7436
7439 0 7439
7440 0 7440
7444 0 7444
7444 0 7444
7445 0 7445
7456 0 7456
7462 0 7462
7468 0 7468
7469 0 7469
7471 0 7471
7472 0 7472
7472 0 7472
7472 0 7472
7473 0 7473
7474 0 7474
7476 0 7476
7490 0 7490
7492 0 7492
7493 0 7493
7498 0 7498
7501 0 7501
7515 0 7515
7517 0 7517
7521 0 7521
7533 0 7533
7534 0 7534
7543 0 7543
7546 0 7546
7547 0 7547
7559 0 7559
7561 0 7561
7562 0 7562
7567 0 7567
7568 0 7568
7569 0 7569
7570 0 7570
7571 0 7571
7572 0 7572
7576 0 7576
7581 0 7581
7598 0 7598
7600 0 7600
7603 0 7603
7604 0 7604
7606 0 7606
7607 0 7607
7609 0 7609
7610 0 7610
7618 0 7618
7621 0 7621
7624 0 7624
7624 0 7624
7630 0 7630
7632 0 7632
7633 0 7633
7642 0 7642
7645 0 7645
7647 0 7647
7648 0 7648
7657 0 7657
7660 0 7660
7664 0 7664
7669 0 7669
7673 0 7673
7674 0 7674
7675 0 7675
7678 0 7678
7679 0 7679
7681 0 7681
7681 0 7681
7684 0 7684
7690 0 7690
7691 0 7691
7692 0 7692
7693 0 7693
7694 0 7694
7696 0 7696
7697 0 7697
7699 0 7699
7700 0 7700
7702 0 7702
7705 0 7705
7706 0 7706
7711 0 7711
7714 0 7714
7715 0 7715
7717 0 7717
7720 0 7720
7723 0 7723
7724 0 7724
7729 0 7729
7732 0 7732
7735 0 7735
7738 0 7738
7740 0 7740
7741 0 7741
7744 0 7744
7746 0 7746
7747 0 7747
7750 0 7750
7754 0 7754
7756 0 7756
7757 0 7757
7759 0 7759
7761 0 7761
7762 0 7762
7765 0 7765
7768 0 7768
7771 0 7771
7772 0 7772
7774 0 7774
7775 0 7775
7777 0 7777
7783 0 7783
7784 0 7784
7785 0 7785
7786 0 7786
7789 0 7789
7792 0 7792
7792 0 7792
7793 0 7793
7795 0 7795
7796 0 7796
7797 0 7797
7804 0 7804
7805 0 7805
7807 0 7807
7808 0 7808
7810 0 7810
7813 0 7813
7816 0 7816
7819 0 7819
7819 0 7819
7822 0 7822
7822 0 7822
7825 0 7825
7826 0 7826
7828 0 7828
7830 0 7830
7834 0 7834
7837 0 7837
7840 0 7840
7843 0 7843
7844 0 7844
7849 0 7849
7852 0 7852
7853 0 7853
7854 0 7854
7858 0 7858
7859 0 7859
7861 0 7861
7864 0 7864
7867 0 7867
7868 0 7868
7870 0 7870
7873 0 7873
7874 0 7874
7876 0 7876
7879 0 7879
7883 0 7883
7885 0 7885
7888 0 7888
7891 0 7891
7894 0 7894
7897 0 7897
7903 0 7903
7906 0 7906
7909 0 7909
7912 0 7912
7915 0 7915
7918 0 7918
7924 0 7924
7925 0 7925
7927 0 7927
7930 0 7930
7930 0 7930
7933 0 7933
7934 0 7934
7939 0 7939
7941 0 7941
7942 0 7942
7948 0 7948
7951 0 7951
7954 0 7954
7960 0 7960
7960 0 7960
7961 0 7961
7962 0 7962
7963 0 7963
7964 0 7964
7966 0 7966
7967 0 7967
7972 0 7972
7975 0 7975
7976 0 7976
7978 0 7978
7979 0 7979
7980 0 7980
7980 0 7980
7981 0 7981
7984 0 7984
7990 0 7990
7993 0 7993
7996 0 7996
7999 0 7999
8002 0 8002
8005 0 8005
8008 0 8008
8011 0 8011
8014 0 8014
8014 0 8014
8014 0 8014
8017 0 8017
8020 0 8020
8020 0 8020
8021 0 8021
8022 0 8022
8023 0 8023
8026 0 8026
8027 0 8027
8029 0 8029
8035 0 8035
8038 0 8038
8041 0 8041
8047 0 8047
8053 0 8053
8056 0 8056
8059 0 8059
8062 0 8062
8063 0 8063
8065 0 8065
8071 0 8071
8074 0 8074
8075 0 8075
8077 0 8077
8078 0 8078
8080 0 8080
8080 0 8080
8083 0 8083
8084 0 8084
8084 0 8084
8086 0 8086
8087 0 8087
8089 0 8089
8092 0 8092
8093 0 8093
8095 0 8095
8098 0 8098
8101 0 8101
8104 0 8104
8107 0 8107
8108 0 8108
8110 0 8110
8113 0 8113
8113 0 8113
8116 0 8116
8119 0 8119
8125 0 8125
8130 0 8130
8134 0 8134
8137 0 8137
8140 0 8140
8143 0 8143
8146 0 8146
8149 0 8149
8152 0 8152
8155 0 8155
8158 0 8158
8158 0 8158
8161 0 8161
8164 0 8164
8167 0 8167
8170 0 8170
8176 0 8176
8179 0 8179
8185 0 8185
8188 0 8188
8191 0 8191
8200 0 8200
8203 0 8203
8206 0 8206
8212 0 8212
8215 0 8215
8222 0 8222
8224 0 8224
8227 0 8227
8230 0 8230
8233 0 8233
8238 0 8238
8239 0 8239
8245 0 8245
8248 0 8248
8251 0 8251
8255 0 8255
8256 0 8256
8257 0 8257
8258 0 8258
8260 0 8260
8260 0 8260
8261 0 8261
8261 0 8261
8262 0 8262
8264 0 8264
8265 0 8265
8266 0 8266
8266 0 8266
8267 0 8267
8268 0 8268
8269 0 8269
8270 0 8270
8270 0 8270
8271 0 8271
8271 0 8271
8273 0 8273
8274 0 8274
8277 0 8277
8279 0 8279
8280 0 8280
8280 0 8280
8281 0 8281
8282 0 8282
8284 0 8284
8284 0 8284
8285 0 8285
8286 0 8286
8288 0 8288
8289 0 8289
8290 0 8290
8291 0 8291
8292 0 8292
8293 0 8293
8296 0 8296
8297 0 8297
8300 0 8300
8301 0 8301
8302 0 8302
8307 0 8307
8308 0 8308
8308 0 8308
8310 0 8310
8311 0 8311
8322 0 8322
8331 0 8331
8334 0 8334
8337 0 8337
8338 0 8338
8343 0 8343
8345 0 8345
8346 0 8346
8347 0 8347
8348 0 8348
8349 0 8349
8359 0 8359
8360 0 8360
8374 0 8374
8376 0 8376
8379 0 8379
8380 0 8380
8381 0 8381
8382 0 8382
8383 0 8383
8386 0 8386
8387 0 8387
8388 0 8388
8389 0 8389
8392 0 8392
8393 0 8393
8394 0 8394
8395 0 8395
8396 0 8396
8400 0 8400
8404 0 8404
8405 0 8405
8406 0 8406
8407 0 8407
8407 0 8407
8409 0 8409
8410 0 8410
8412 0 8412
8413 0 8413
8414 0 8414
8417 0 8417
8419 0 8419
8420 0 8420
8422 0 8422
8425 0 8425
8426 0 8426
8428 0 8428
8429 0 8429
8431 0 8431
8433 0 8433
8434 0 8434
8435 0 8435
8437 0 8437
8440 0 8440
8443 0 8443
8448 0 8448
8450 0 8450
8453 0 8453
8454 0 8454
8455 0 8455
8459 0 8459
8460 0 8460
8461 0 8461
8462 0 8462
8463 0 8463
8464 0 8464
8467 0 8467
8468 0 8468
8469 0 8469
8470 0 8470
8471 0 8471
8472 0 8472
8473 0 8473
8476 0 8476
8477 0 8477
8478 0 8478
8479 0 8479
8481 0 8481
8483 0 8483
8485 0 8485
8487 0 8487
8488 0 8488
8489 0 8489
8490 0 8490
8492 0 8492
8494 0 8494
8496 0 8496
8502 0 8502
8503 0 8503
8504 0 8504
8506 0 8506
8507 0 8507
8508 0 8508
8509 0 8509
8512 0 8512
8513 0 8513
8514 0 8514
8516 0 8516
8518 0 8518
8519 0 8519
8520 0 8520
8521 0 8521
8522 0 8522
8525 0 8525
8527 0 8527
8530 0 8530
8531 0 8531
8533 0 8533
8536 0 8536
8537 0 8537
8538 0 8538
8540 0 8540
8541 0 8541
8542 0 8542
8545 0 8545
8547 0 8547
8548 0 8548
8551 0 8551
8552 0 8552
8553 0 8553
8554 0 8554
8555 0 8555
8556 0 8556
8557 0 8557
8557 0 8557
8558 0 8558
8562 0 8562
8563 0 8563
8565 0 8565
8566 0 8566
8567 0 8567
8572 0 8572
8573 0 8573
8574 0 8574
8575 0 8575
8577 0 8577
8578 0 8578
8580 0 8580
8580 0 8580
8581 0 8581
8582 0 8582
8583 0 8583
8584 0 8584
8587 0 8587
8588 0 8588
8589 0 8589
8590 0 8590
8592 0 8592
8593 0 8593
8594 0 8594
8595 0 8595
8596 0 8596
8597 0 8597
8598 0 8598
8599 0 8599
8601 0 8601
8602 0 8602
8603 0 8603
8604 0 8604
8605 0 8605
8607 0 8607
8609 0 8609
8610 0 8610
8611 0 8611
8614 0 8614
8616 0 8616
8616 0 8616
8618 0 8618
8619 0 8619
8619 0 8619
8622 0 8622
8623 0 8623
8625 0 8625
8626 0 8626
8628 0 8628
8631 0 8631
8632 0 8632
8633 0 8633
8634 0 8634
8635 0 8635
8636 0 8636
8637 0 8637
8638 0 8638
8639 0 8639
8640 0 8640
8642 0 8642
8645 0 8645
8646 0 8646
8648 0 8648
8649 0 8649
8650 0 8650
8652 0 8652
8653 0 8653
8654 0 8654
8655 0 8655
8656 0 8656
8657 0 8657
8658 0 8658
8659 0 8659
8661 0 8661
8664 0 8664
8666 0 8666
8667 0 8667
8668 0 8668
8670 0 8670
8671 0 8671
8673 0 8673
8674 0 8674
8676 0 8676
8679 0 8679
8679 0 8679
8682 0 8682
8683 0 8683
8684 0 8684
8685 0 8685
8686 0 8686
8688 0 8688
8688 0 8688
8689 0 8689
8691 0 8691
8696 0 8696
8697 0 8697
8699 0 8699
8701 0 8701
8702 0 8702
8703 0 8703
8704 0 8704
8704 0 8704
8705 0 8705
8706 0 8706
8709 0 8709
8711 0 8711
8712 0 8712
8713 0 8713
8715 0 8715
8718 0 8718
8721 0 8721
8723 0 8723
8724 0 8724
8725 0 8725
8727 0 8727
8730 0 8730
8733 0 8733
8734 0 8734
8736 0 8736
8739 0 8739
8740 0 8740
8742 0 8742
8743 0 8743
8745 0 8745
8748 0 8748
8749 0 8749
8751 0 8751
8752 0 8752
8754 0 8754
8756 0 8756
8757 0 8757
8760 0 8760
8762 0 8762
8763 0 8763
8764 0 8764
8765 0 8765
8766 0 8766
8767 0 8767
8768 0 8768
8772 0 8772
8774 0 8774
8775 0 8775
8776 0 8776
8778 0 8778
8781 0 8781
8784 0 8784
8784 0 8784
8788 0 8788
8790 0 8790
8793 0 8793
8794 0 8794
8799 0 8799
8802 0 8802
8803 0 8803
8803 0 8803
8805 0 8805
8811 0 8811
8812 0 8812
8814 0 8814
8817 0 8817
8818 0 8818
8820 0 8820
8821 0 8821
8823 0 8823
8824 0 8824
8825 0 8825
8829 0 8829
8830 0 8830
8832 0 8832
8833 0 8833
8835 0 8835
8836 0 8836
8837 0 8837
8838 0 8838
8839 0 8839
8841 0 8841
8842 0 8842
8842 0 8842
8843 0 8843
8844 0 8844
8848 0 8848
8850 0 8850
8851 0 8851
8853 0 8853
8854 0 8854
8855 0 8855
8856 0 8856
8856 0 8856
8856 0 8856
8857 0 8857
8859 0 8859
8860 0 8860
8861 0 8861
8862 0 8862
8862 0 8862
8863 0 8863
8864 0 8864
8865 0 8865
8866 0 8866
8867 0 8867
8868 0 8868
8869 0 8869
8870 0 8870
8871 0 8871
8872 0 8872
8874 0 8874
8875 0 8875
8877 0 8877
8879 0 8879
8883 0 8883
8886 0 8886
8887 0 8887
8888 0 8888
8889 0 8889
8895 0 8895
8895 0 8895
8896 0 8896
8897 0 8897
8898 0 8898
8901 0 8901
8902 0 8902
8908 0 8908
8910 0 8910
8910 0 8910
8911 0 8911
8913 0 8913
8920 0 8920
8921 0 8921
8922 0 8922
8923 0 8923
8925 0 8925
8928 0 8928
8929 0 8929
8930 0 8930
8931 0 8931
8932 0 8932
8933 0 8933
8934 0 8934
8935 0 8935
8937 0 8937
8938 0 8938
8939 0 8939
8940 0 8940
8943 0 8943
8944 0 8944
8945 0 8945
8946 0 8946
8947 0 8947
8950 0 8950
8951 0 8951
8952 0 8952
8953 0 8953
8954 0 8954
8955 0 8955
8958 0 8958
8959 0 8959
8961 0 8961
8962 0 8962
8962 0 8962
8963 0 8963
8964 0 8964
8965 0 8965
8966 0 8966
8970 0 8970
8973 0 8973
8974 0 8974
8974 0 8974
8975 0 8975
8976 0 8976
8978 0 8978
8979 0 8979
8981 0 8981
8982 0 8982
8985 0 8985
8986 0 8986
8987 0 8987
8988 0 8988
8989 0 8989
8992 0 8992
8993 0 8993
8994 0 8994
8997 0 8997
8998 0 8998
8999 0 8999
9000 0 9000
9004 0 9004
9006 0 9006
9007 0 9007
9007 0 9007
9009 0 9009
9010 0 9010
9012 0 9012
9012 0 9012
9015 0 9015
9016 0 9016
9017 0 9017
9018 0 9018
9021 0 9021
9022 0 9022
9024 0 9024
9025 0 9025
9027 0 9027
9030 0 9030
9031 0 9031
9033 0 9033
9036 0 9036
9037 0 9037
9038 0 9038
9039 0 9039
9041 0 9041
9042 0 9042
9045 0 9045
9046 0 9046
9048 0 9048
9051 0 9051
9052 0 9052
9053 0 9053
9054 0 9054
9055 0 9055
9056 0 9056
9058 0 9058
9059 0 9059
9061 0 9061
9061 0 9061
9063 0 9063
9064 0 9064
9066 0 9066
9067 0 9067
9068 0 9068
9069 0 9069
9070 0 9070
9071 0 9071
9072 0 9072
9073 0 9073
9075 0 9075
9077 0 9077
9078 0 9078
9079 0 9079
9080 0 9080
9081 0 9081
9083 0 9083
9084 0 9084
9087 0 9087
9088 0 9088
9090 0 9090
9090 0 9090
9091 0 9091
9093 0 9093
9094 0 9094
9095 0 9095
9096 0 9096
9097 0 9097
9098 0 9098
9098 0 9098
9099 0 9099
9100 0 9100
9101 0 9101
9101 0 9101
9102 0 9102
9103 0 9103
9104 0 9104
9105 0 9105
9107 0 9107
9108 0 9108
9109 0 9109
9110 0 9110
9111 0 9111
9112 0 9112
9114 0 9114
9115 0 9115
9116 0 9116
9117 0 9117
9120 0 9120
9123 0 9123
9126 0 9126
9127 0 9127
9128 0 9128
9129 0 9129
9130 0 9130
9132 0 9132
9135 0 9135
9136 0 9136
9138 0 9138
9139 0 9139
9140 0 9140
9141 0 9141
9142 0 9142
9144 0 9144
9145 0 9145
9148 0 9148
9150 0 9150
9151 0 9151
9152 0 9152
9156 0 9156
9157 0 9157
9159 0 9159
9163 0 9163
9165 0 9165
9168 0 9168
9174 0 9174
9177 0 9177
9178 0 9178
9180 0 9180
9181 0 9181
9182 0 9182
9185 0 9185
9186 0 9186
9188 0 9188
9189 0 9189
9190 0 9190
9192 0 9192
9194 0 9194
9196 0 9196
9198 0 9198
9200 0 9200
9201 0 9201
9204 0 9204
9205 0 9205
9210 0 9210
9211 0 9211
9212 0 9212
9214 0 9214
9214 0 9214
9218 0 9218
9221 0 9221
9224 0 9224
9230 0 9230
9233 0 9233
9234 0 9234
9236 0 9236
9242 0 9242
9248 0 9248
9251 0 9251
9254 0 9254
9257 0 9257
9260 0 9260
9261 0 9261
9263 0 9263
9266 0 9266
9269 0 9269
9272 0 9272
9275 0 9275
9276 0 9276
9277 0 9277
9278 0 9278
9285 0 9285
9286 0 9286
9287 0 9287
9288 0 9288
9290 0 9290
9293 0 9293
9296 0 9296
9297 0 9297
9299 0 9299
9300 0 9300
9301 0 9301
9302 0 9302
9302 0 9302
9305 0 9305
9308 0 9308
9309 0 9309
9311 0 9311
9314 0 9314
9316 0 9316
9316 0 9316
9320 0 9320
9323 0 9323
9324 0 9324
9325 0 9325
9326 0 9326
9327 0 9327
9329 0 9329
9332 0 9332
9335 0 9335
9335 0 9335
9336 0 9336
9337 0 9337
9338 0 9338
9338 0 9338
9341 0 9341
9344 0 9344
9347 0 9347
9350 0 9350
9353 0 9353
9355 0 9355
9356 0 9356
9357 0 9357
9359 0 9359
9362 0 9362
9365 0 9365
9368 0 9368
9371 0 9371
9374 0 9374
9377 0 9377
9380 0 9380
9383 0 9383
9386 0 9386
9389 0 9389
9391 0 9391
9392 0 9392
9398 0 9398
9407 0 9407
9410 0 9410
9413 0 9413
9422 0 9422
9424 0 9424
9425 0 9425
9428 0 9428
9431 0 9431
9437 0 9437
9438 0 9438
9440 0 9440
9446 0 9446
9448 0 9448
9449 0 9449
9452 0 9452
9455 0 9455
9456 0 9456
9458 0 9458
9461 0 9461
9467 0 9467
9468 0 9468
9469 0 9469
9470 0 9470
9476 0 9476
9477 0 9477
9478 0 9478
9479 0 9479
9480 0 9480
9482 0 9482
9488 0 9488
9489 0 9489
9490 0 9490
9494 0 9494
9495 0 9495
9497 0 9497
9498 0 9498
9500 0 9500
9503 0 9503
9509 0 9509
9512 0 9512
9518 0 9518
9521 0 9521
9524 0 9524
9525 0 9525
9527 0 9527
9530 0 9530
9531 0 9531
9533 0 9533
9536 0 9536
9540 0 9540
9541 0 9541
9542 0 9542
9545 0 9545
9548 0 9548
9554 0 9554
9557 0 9557
9559 0 9559
9569 0 9569
9575 0 9575
9578 0 9578
9581 0 9581
9587 0 9587
9590 0 9590
9591 0 9591
9592 0 9592
9593 0 9593
9596 0 9596
9599 0 9599
9604 0 9604
9605 0 9605
9608 0 9608
9611 0 9611
9612 0 9612
9612 0 9612
9614 0 9614
9615 0 9615
9617 0 9617
9620 0 9620
9621 0 9621
9623 0 9623
9629 0 9629
9630 0 9630
9632 0 9632
9635 0 9635
9644 0 9644
9647 0 9647
9650 0 9650
9653 0 9653
9655 0 9655
9656 0 9656
9657 0 9657
9661 0 9661
9663 0 9663
9664 0 9664
9667 0 9667
9668 0 9668
9670 0 9670
9682 0 9682
9686 0 9686
9689 0 9689
9692 0 9692
9693 0 9693
9695 0 9695
9696 0 9696
9698 0 9698
9699 0 9699
9701 0 9701
9705 0 9705
9707 0 9707
9708 0 9708
9711 0 9711
9713 0 9713
9716 0 9716
9716 0 9716
9722 0 9722
9725 0 9725
9727 0 9727
9728 0 9728
9729 0 9729
9731 0 9731
9732 0 9732
9734 0 9734
9734 0 9734
9738 0 9738
9739 0 9739
9740 0 9740
9742 0 9742
9744 0 9744
9746 0 9746
9749 0 9749
9750 0 9750
9752 0 9752
9753 0 9753
9754 0 9754
9755 0 9755
9756 0 9756
9758 0 9758
9759 0 9759
9764 0 9764
9767 0 9767
9767 0 9767
9770 0 9770
9773 0 9773
9776 0 9776
9777 0 9777
9780 0 9780
9782 0 9782
9785 0 9785
9797 0 9797
9800 0 9800
9801 0 9801
9802 0 9802
9803 0 9803
9804 0 9804
9809 0 9809
9809 0 9809
9812 0 9812
9813 0 9813
9815 0 9815
9818 0 9818
9821 0 9821
9824 0 9824
9824 0 9824
9827 0 9827
9830 0 9830
9833 0 9833
9834 0 9834
9836 0 9836
9839 0 9839
9840 0 9840
9843 0 9843
9845 0 9845
9851 0 9851
9852 0 9852
9852 0 9852
9854 0 9854
9855 0 9855
9856 0 9856
9860 0 9860
9861 0 9861
9866 0 9866
9869 0 9869
9869 0 9869
9872 0 9872
9878 0 9878
9881 0 9881
9884 0 9884
9887 0 9887
9893 0 9893
9894 0 9894
9896 0 9896
9899 0 9899
9902 0 9902
9903 0 9903
9905 0 9905
9909 0 9909
9911 0 9911
9912 0 9912
9921 0 9921
9922 0 9922
9923 0 9923
9926 0 9926
9929 0 9929
9932 0 9932
9935 0 9935
9938 0 9938
9941 0 9941
9944 0 9944
9947 0 9947
9948 0 9948
9950 0 9950
9951 0 9951
9957 0 9957
9959 0 9959
9962 0 9962
9965 0 9965
9966 0 9966
9967 0 9967
9968 0 9968
9971 0 9971
9972 0 9972
9977 0 9977
9983 0 9983
9986 0 9986
9989 0 9989
9991 0 9991
9992 0 9992
9995 0 9995
10003 0 10003
10005 0 10005
10006 0 10006
10007 0 10007
10017 0 10017
10018 0 10018
10020 0 10020
10029 0 10029
10031 0 10031
10032 0 10032
10034 0 10034
10039 0 10039
10040 0 10040
10042 0 10042
10042 0 10042
10042 0 10042
10043 0 10043
10044 0 10044
10045 0 10045
10055 0 10055
10057 0 10057
10070 0 10070
10071 0 10071
10084 0 10084
10086 0 10086
10088 0 10088
10094 0 10094
10095 0 10095
10097 0 10097
10097 0 10097
10098 0 10098
10101 0 10101
10103 0 10103
10104 0 10104
10113 0 10113
10114 0 10114
10115 0 10115
10118 0 10118
10124 0 10124
10127 0 10127
10128 0 10128
10128 0 10128
10130 0 10130
10133 0 10133
10142 0 10142
10143 0 10143
10149 0 10149
10154 0 10154
10159 0 10159
10160 0 10160
10166 0 10166
10172 0 10172
10181 0 10181
10184 0 10184
10187 0 10187
10188 0 10188
10192 0 10192
10193 0 10193
10196 0 10196
10199 0 10199
10202 0 10202
10203 0 10203
10205 0 10205
10208 0 10208
10211 0 10211
10214 0 10214
10217 0 10217
10223 0 10223
10227 0 10227
10232 0 10232
10235 0 10235
10237 0 10237
10238 0 10238
10245 0 10245
10247 0 10247
10248 0 10248
10250 0 10250
10253 0 10253
10256 0 10256
10257 0 10257
10262 0 10262
10265 0 10265
10268 0 10268
10271 0 10271
10274 0 10274
10275 0 10275
10281 0 10281
10283 0 10283
10286 0 10286
10289 0 10289
10292 0 10292
10293 0 10293
10295 0 10295
10301 0 10301
10304 0 10304
10306 0 10306
10307 0 10307
10308 0 10308
10310 0 10310
10310 0 10310
10313 0 10313
10313 0 10313
10314 0 10314
10316 0 10316
10319 0 10319
10320 0 10320
10321 0 10321
10322 0 10322
10324 0 10324
10325 0 10325
10326 0 10326
10326 0 10326
10327 0 10327
10328 0 10328
10334 0 10334
10335 0 10335
10336 0 10336
10338 0 10338
10343 0 10343
10345 0 10345
10350 0 10350
10352 0 10352
10352 0 10352
10356 0 10356
10358 0 10358
10361 0 10361
10362 0 10362
10364 0 10364
10365 0 10365
10366 0 10366
10370 0 10370
10373 0 10373
10373 0 10373
10376 0 10376
10379 0 10379
10381 0 10381
10388 0 10388
10389 0 10389
10394 0 10394
10394 0 10394
10397 0 10397
10398 0 10398
10398 0 10398
10400 0 10400
10403 0 10403
10410 0 10410
10410 0 10410
10411 0 10411
10420 0 10420
10427 0 10427
10446 0 10446
10448 0 10448
10454 0 10454
10455 0 10455
10456 0 10456
10463 0 10463
10478 0 10478
10481 0 10481
10484 0 10484
10490 0 10490
10493 0 10493
10496 0 10496
10497 0 10497
10499 0 10499
10502 0 10502
10506 0 10506
10508 0 10508
10511 0 10511
10514 0 10514
10523 0 10523
10527 0 10527
10529 0 10529
10530 0 10530
10530 0 10530
10532 0 10532
10535 0 10535
10544 0 10544
10547 0 10547
10548 0 10548
10550 0 10550
10553 0 10553
10556 0 10556
10559 0 10559
10562 0 10562
10565 0 10565
10577 0 10577
10580 0 10580
10581 0 10581
10583 0 10583
10586 0 10586
10586 0 10586
10589 0 10589
10595 0 10595
10598 0 10598
10599 0 10599
10601 0 10601
10601 0 10601
10604 0 10604
10607 0 10607
10609 0 10609
10610 0 10610
10610 0 10610
10616 0 10616
10619 0 10619
10620 0 10620
10631 0 10631
10631 0 10631
10632 0 10632
10634 0 10634
10637 0 10637
10640 0 10640
10643 0 10643
10644 0 10644
10646 0 10646
10646 0 10646
10649 0 10649
10652 0 10652
10653 0 10653
10654 0 10654
10655 0 10655
10658 0 10658
10664 0 10664
10667 0 10667
10670 0 10670
10676 0 10676
10679 0 10679
10680 0 10680
10682 0 10682
10682 0 10682
10685 0 10685
10688 0 10688
10691 0 10691
10692 0 10692
10694 0 10694
10698 0 10698
10700 0 10700
10704 0 10704
10707 0 10707
10709 0 10709
10712 0 10712
10718 0 10718
10724 0 10724
10727 0 10727
10728 0 10728
10730 0 10730
10733 0 10733
10736 0 10736
10739 0 10739
10742 0 10742
10745 0 10745
10746 0 10746
10748 0 10748
10750 0 10750
10751 0 10751
10754 0 10754
10754 0 10754
10757 0 10757
10768 0 10768
10771 0 10771
10775 0 10775
10783 0 10783
10784 0 10784
10786 0 10786
10790 0 10790
10792 0 10792
10793 0 10793
10795 0 10795
10798 0 10798
10801 0 10801
10804 0 10804
10807 0 10807
10810 0 10810
10813 0 10813
10816 0 10816
10819 0 10819
10822 0 10822
10822 0 10822
10822 0 10822
10825 0 10825
10828 0 10828
10834 0 10834
10837 0 10837
10843 0 10843
10845 0 10845
10849 0 10849
10858 0 10858
10861 0 10861
10864 0 10864
10867 0 10867
10870 0 10870
10873 0 10873
10874 0 10874
10876 0 10876
10877 0 10877
10882 0 10882
10885 0 10885
10887 0 10887
10891 0 10891
10892 0 10892
10894 0 10894
10895 0 10895
10897 0 10897
10899 0 10899
10900 0 10900
10903 0 10903
10907 0 10907
10908 0 10908
10909 0 10909
10912 0 10912
10914 0 10914
10915 0 10915
10920 0 10920
10922 0 10922
10923 0 10923
10924 0 10924
10927 0 10927
10931 0 10931
10936 0 10936
10939 0 10939
10948 0 10948
10951 0 10951
10951 0 10951
10954 0 10954
10955 0 10955
10961 0 10961
10963 0 10963
10966 0 10966
10969 0 10969
10972 0 10972
10975 0 10975
10976 0 10976
10978 0 10978
10978 0 10978
10987 0 10987
10993 0 10993
10999 0 10999
11002 0 11002
11008 0 11008
11009 0 11009
11013 0 11013
11014 0 11014
11015 0 11015
11016 0 11016
11017 0 11017
11020 0 11020
11023 0 11023
11023 0 11023
11023 0 11023
11024 0 11024
11025 0 11025
11026 0 11026
11029 0 11029
11038 0 11038
11039 0 11039
11041 0 11041
11044 0 11044
11047 0 11047
11050 0 11050
11053 0 11053
11059 0 11059
11061 0 11061
11062 0 11062
11063 0 11063
11065 0 11065
11069 0 11069
11071 0 11071
11075 0 11075
11077 0 11077
11078 0 11078
11080 0 11080
11083 0 11083
11084 0 11084
11086 0 11086
11087 0 11087
11089 0 11089
11090 0 11090
11092 0 11092
11101 0 11101
11107 0 11107
11113 0 11113
11116 0 11116
11119 0 11119
11122 0 11122
11128 0 11128
11137 0 11137
11140 0 11140
11143 0 11143
11144 0 11144
11146 0 11146
11147 0 11147
11149 0 11149
11150 0 11150
11151 0 11151
11152 0 11152
11155 0 11155
11158 0 11158
11164 0 11164
11167 0 11167
11170 0 11170
11172 0 11172
11176 0 11176
11177 0 11177
11179 0 11179
11182 0 11182
11191 0 11191
11194 0 11194
11197 0 11197
11200 0 11200
11203 0 11203
11204 0 11204
11207 0 11207
11215 0 11215
11218 0 11218
11221 0 11221
11224 0 11224
11227 0 11227
11230 0 11230
11233 0 11233
11236 0 11236
11237 0 11237
11239 0 11239
11242 0 11242
11242 0 11242
11245 0 11245
11248 0 11248
11251 0 11251
11252 0 11252
11253 0 11253
11254 0 11254
11255 0 11255
11257 0 11257
11260 0 11260
11263 0 11263
11266 0 11266
11268 0 11268
11269 0 11269
11272 0 11272
11278 0 11278
11278 0 11278
11284 0 11284
11287 0 11287
11288 0 11288
11290 0 11290
11291 0 11291
11293 0 11293
11296 0 11296
11299 0 11299
11302 0 11302
11305 0 11305
11308 0 11308
11311 0 11311
11314 0 11314
11317 0 11317
11318 0 11318
11323 0 11323
11326 0 11326
11329 0 11329
11332 0 11332
11335 0 11335
11337 0 11337
11339 0 11339
11341 0 11341
11344 0 11344
11347 0 11347
11348 0 11348
11350 0 11350
11353 0 11353
11356 0 11356
11359 0 11359
11361 0 11361
11362 0 11362
11365 0 11365
11368 0 11368
11371 0 11371
11374 0 11374
11377 0 11377
11380 0 11380
11383 0 11383
11386 0 11386
11389 0 11389
11392 0 11392
11395 0 11395
11399 0 11399
11401 0 11401
11404 0 11404
11407 0 11407
11410 0 11410
11413 0 11413
11416 0 11416
11419 0 11419
11422 0 11422
11425 0 11425
11428 0 11428
11428 0 11428
11431 0 11431
11437 0 11437
11440 0 11440
11440 0 11440
11443 0 11443
11446 0 11446
11447 0 11447
11452 0 11452
11453 0 11453
11455 0 11455
11458 0 11458
11461 0 11461
11464 0 11464
11465 0 11465
11467 0 11467
11470 0 11470
11471 0 11471
11473 0 11473
11476 0 11476
11482 0 11482
11485 0 11485
11488 0 11488
11491 0 11491
11497 0 11497
11499 0 11499
11500 0 11500
11503 0 11503
11506 0 11506
11509 0 11509
11512 0 11512
11515 0 11515
11516 0 11516
11518 0 11518
11521 0 11521
11524 0 11524
11527 0 11527
11530 0 11530
11533 0 11533
11536 0 11536
11539 0 11539
11542 0 11542
11545 0 11545
11548 0 11548
11549 0 11549
11551 0 11551
11554 0 11554
11554 0 11554
11557 0 11557
11560 0 11560
11563 0 11563
11566 0 11566
11569 0 11569
11572 0 11572
11578 0 11578
11581 0 11581
11581 0 11581
11582 0 11582
11590 0 11590
11593 0 11593
11596 0 11596
11605 0 11605
11608 0 11608
11611 0 11611
11614 0 11614
11617 0 11617
11620 0 11620
11623 0 11623
11626 0 11626
11632 0 11632
11638 0 11638
11641 0 11641
11644 0 11644
11647 0 11647
11650 0 11650
11653 0 11653
11653 0 11653
11654 0 11654
11659 0 11659
11662 0 11662
11665 0 11665
11665 0 11665
11668 0 11668
11671 0 11671
11674 0 11674
11686 0 11686
11692 0 11692
11695 0 11695
11696 0 11696
11698 0 11698
11701 0 11701
11704 0 11704
11708 0 11708
11710 0 11710
11713 0 11713
11719 0 11719
11722 0 11722
11725 0 11725
11728 0 11728
11731 0 11731
11732 0 11732
11734 0 11734
11735 0 11735
11743 0 11743
11761 0 11761
11764 0 11764
11767 0 11767
11770 0 11770
11776 0 11776
11778 0 11778
11779 0 11779
11782 0 11782
11788 0 11788
11794 0 11794
11797 0 11797
11800 0 11800
11807 0 11807
11809 0 11809
11810 0 11810
11812 0 11812
11815 0 11815
11815 0 11815
11818 0 11818
11821 0 11821
11824 0 11824
11827 0 11827
11830 0 11830
11836 0 11836
11839 0 11839
11840 0 11840
11842 0 11842
11852 0 11852
11854 0 11854
11855 0 11855
11857 0 11857
11860 0 11860
11863 0 11863
11864 0 11864
11866 0 11866
11869 0 11869
11869 0 11869
11872 0 11872
11875 0 11875
11878 0 11878
11881 0 11881
11884 0 11884
11887 0 11887
11890 0 11890
11893 0 11893
11899 0 11899
11902 0 11902
11903 0 11903
11908 0 11908
11914 0 11914
11923 0 11923
11928 0 11928
11929 0 11929
11930 0 11930
11932 0 11932
11935 0 11935
11938 0 11938
11941 0 11941
11944 0 11944
11946 0 11946
11947 0 11947
11950 0 11950
11953 0 11953
11956 0 11956
11959 0 11959
11962 0 11962
11963 0 11963
11963 0 11963
11965 0 11965
11968 0 11968
11969 0 11969
11971 0 11971
11974 0 11974
11977 0 11977
11983 0 11983
11984 0 11984
11986 0 11986
11989 0 11989
11992 0 11992
12001 0 12001
12004 0 12004
12007 0 12007
12011 0 12011
12012 0 12012
12014 0 12014
12017 0 12017
12019 0 12019
12020 0 12020
12022 0 12022
12025 0 12025
12026 0 12026
12028 0 12028
12030 0 12030
12031 0 12031
12031 0 12031
12033 0 12033
12034 0 12034
12040 0 12040
12043 0 12043
12046 0 12046
12046 0 12046
12049 0 12049
12052 0 12052
12059 0 12059
12061 0 12061
12063 0 12063
12067 0 12067
12070 0 12070
12073 0 12073
12076 0 12076
12079 0 12079
12082 0 12082
12083 0 12083
12084 0 12084
12085 0 12085
12088 0 12088
12089 0 12089
12091 0 12091
12092 0 12092
12092 0 12092
12094 0 12094
12097 0 12097
12100 0 12100
12103 0 12103
12103 0 12103
12106 0 12106
12115 0 12115
12121 0 12121
12123 0 12123
12127 0 12127
12130 0 12130
12131 0 12131
12133 0 12133
12134 0 12134
12135 0 12135
12135 0 12135
12136 0 12136
12141 0 12141
12142 0 12142
12151 0 12151
12153 0 12153
12161 0 12161
12164 0 12164
12166 0 12166
12171 0 12171
12172 0 12172
12173 0 12173
12174 0 12174
12175 0 12175
12178 0 12178
12181 0 12181
12187 0 12187
12188 0 12188
12189 0 12189
12190 0 12190
12191 0 12191
12192 0 12192
12193 0 12193
12196 0 12196
12215 0 12215
12216 0 12216
12217 0 12217
12223 0 12223
12234 0 12234
12235 0 12235
12236 0 12236
12237 0 12237
12239 0 12239
12245 0 12245
12246 0 12246
12248 0 12248
12279 0 12279
12279 0 12279
12280 0 12280
12285 0 12285
12285 0 12285
12290 0 12290
12295 0 12295
12297 0 12297
12302 0 12302
12303 0 12303
12308 0 12308
12311 0 12311
12331 0 12331
12337 0 12337
12338 0 12338
12340 0 12340
12341 0 12341
12342 0 12342
12346 0 12346
12348 0 12348
12349 0 12349
12351 0 12351
12352 0 12352
12354 0 12354
12357 0 12357
12358 0 12358
12360 0 12360
12361 0 12361
12362 0 12362
12363 0 12363
12364 0 12364
12366 0 12366
12367 0 12367
12369 0 12369
12370 0 12370
12372 0 12372
12373 0 12373
12375 0 12375
12376 0 12376
12378 0 12378
12379 0 12379
12381 0 12381
12384 0 12384
12389 0 12389
12390 0 12390
12396 0 12396
12397 0 12397
12398 0 12398
12399 0 12399
12400 0 12400
12401 0 12401
12403 0 12403
12405 0 12405
12405 0 12405
12406 0 12406
12408 0 12408
12408 0 12408
12411 0 12411
12414 0 12414
12416 0 12416
12425 0 12425
12427 0 12427
12429 0 12429
12432 0 12432
12435 0 12435
12436 0 12436
12438 0 12438
12441 0 12441
12444 0 12444
12447 0 12447
12448 0 12448
12450 0 12450
12451 0 12451
12453 0 12453
12454 0 12454
12459 0 12459
12465 0 12465
12468 0 12468
12469 0 12469
12471 0 12471
12474 0 12474
12477 0 12477
12480 0 12480
12483 0 12483
12486 0 12486
12490 0 12490
12491 0 12491
12492 0 12492
12492 0 12492
12495 0 12495
12498 0 12498
12501 0 12501
12501 0 12501
12504 0 12504
12505 0 12505
12507 0 12507
12509 0 12509
12510 0 12510
12512 0 12512
12519 0 12519
12522 0 12522
12523 0 12523
12528 0 12528
12530 0 12530
12534 0 12534
12535 0 12535
12537 0 12537
12540 0 12540
12542 0 12542
12545 0 12545
12546 0 12546
12549 0 12549
12552 0 12552
12557 0 12557
12561 0 12561
12562 0 12562
12562 0 12562
12564 0 12564
12568 0 12568
12570 0 12570
12576 0 12576
12579 0 12579
12582 0 12582
12585 0 12585
12588 0 12588
12591 0 12591
12599 0 12599
12603 0 12603
12609 0 12609
12609 0 12609
12612 0 12612
12613 0 12613
12615 0 12615
12616 0 12616
12618 0 12618
12621 0 12621
12622 0 12622
12624 0 12624
12627 0 12627
12630 0 12630
12631 0 12631
12633 0 12633
12633 0 12633
12634 0 12634
12636 0 12636
12642 0 12642
12648 0 12648
12651 0 12651
12651 0 12651
12654 0 12654
12657 0 12657
12661 0 12661
12661 0 12661
12662 0 12662
12663 0 12663
12666 0 12666
12669 0 12669
12672 0 12672
12674 0 12674
12675 0 12675
12678 0 12678
12681 0 12681
12684 0 12684
12687 0 12687
12693 0 12693
12696 0 12696
12697 0 12697
12699 0 12699
12702 0 12702
12705 0 12705
12709 0 12709
12711 0 12711
12712 0 12712
12714 0 12714
12715 0 12715
12717 0 12717
12720 0 12720
12723 0 12723
12727 0 12727
12729 0 12729
12732 0 12732
12738 0 12738
12738 0 12738
12741 0 12741
12750 0 12750
12753 0 12753
12756 0 12756
12757 0 12757
12759 0 12759
12768 0 12768
12771 0 12771
12774 0 12774
12774 0 12774
12775 0 12775
12777 0 12777
12780 0 12780
12781 0 12781
12786 0 12786
12792 0 12792
12793 0 12793
12795 0 12795
12798 0 12798
12801 0 12801
12804 0 12804
12807 0 12807
12810 0 12810
12811 0 12811
12813 0 12813
12816 0 12816
12819 0 12819
12820 0 12820
12822 0 12822
12825 0 12825
12828 0 12828
12831 0 12831
12834 0 12834
12840 0 12840
12842 0 12842
12843 0 12843
12850 0 12850
12853 0 12853
12855 0 12855
12858 0 12858
12861 0 12861
12864 0 12864
12865 0 12865
12867 0 12867
12870 0 12870
12873 0 12873
12876 0 12876
12879 0 12879
12880 0 12880
12882 0 12882
12888 0 12888
12890 0 12890
12891 0 12891
12892 0 12892
12894 0 12894
12897 0 12897
12900 0 12900
12903 0 12903
12904 0 12904
12906 0 12906
12906 0 12906
12909 0 12909
12912 0 12912
12923 0 12923
12924 0 12924
12927 0 12927
12930 0 12930
12930 0 12930
12937 0 12937
12939 0 12939
12939 0 12939
12940 0 12940
12941 0 12941
12945 0 12945
12948 0 12948
12950 0 12950
12950 0 12950
12952 0 12952
12954 0 12954
12957 0 12957
12961 0 12961
12966 0 12966
12966 0 12966
12967 0 12967
12969 0 12969
12972 0 12972
12973 0 12973
12975 0 12975
12976 0 12976
12978 0 12978
12981 0 12981
12984 0 12984
12987 0 12987
12988 0 12988
12990 0 12990
12996 0 12996
13002 0 13002
13008 0 13008
13014 0 13014
13015 0 13015
13017 0 13017
13020 0 13020
13020 0 13020
13026 0 13026
13032 0 13032
13035 0 13035
13035 0 13035
13041 0 13041
13044 0 13044
13047 0 13047
13050 0 13050
13053 0 13053
13056 0 13056
13062 0 13062
13064 0 13064
13065 0 13065
13068 0 13068
13071 0 13071
13071 0 13071
13074 0 13074
13077 0 13077
13080 0 13080
13086 0 13086
13089 0 13089
13095 0 13095
13098 0 13098
13101 0 13101
13101 0 13101
13104 0 13104
13105 0 13105
13110 0 13110
13111 0 13111
13113 0 13113
13116 0 13116
13117 0 13117
13125 0 13125
13129 0 13129
13131 0 13131
13132 0 13132
13134 0 13134
13135 0 13135
13140 0 13140
13143 0 13143
13144 0 13144
13145 0 13145
13146 0 13146
13147 0 13147
13149 0 13149
13152 0 13152
13153 0 13153
13155 0 13155
13158 0 13158
13161 0 13161
13162 0 13162
13167 0 13167
13168 0 13168
13173 0 13173
13174 0 13174
13182 0 13182
13183 0 13183
13184 0 13184
13188 0 13188
13191 0 13191
13194 0 13194
13197 0 13197
13203 0 13203
13204 0 13204
13206 0 13206
13209 0 13209
13212 0 13212
13215 0 13215
13221 0 13221
13224 0 13224
13225 0 13225
13227 0 13227
13230 0 13230
13236 0 13236
13239 0 13239
13242 0 13242
13246 0 13246
13251 0 13251
13254 0 13254
13257 0 13257
13260 0 13260
13263 0 13263
13269 0 13269
13272 0 13272
13275 0 13275
13276 0 13276
13278 0 13278
13281 0 13281
13285 0 13285
13287 0 13287
13293 0 13293
13299 0 13299
13302 0 13302
13303 0 13303
13305 0 13305
13308 0 13308
13314 0 13314
13317 0 13317
13320 0 13320
13323 0 13323
13326 0 13326
13327 0 13327
13329 0 13329
13338 0 13338
13344 0 13344
13347 0 13347
13350 0 13350
13351 0 13351
13353 0 13353
13356 0 13356
13359 0 13359
13362 0 13362
13368 0 13368
13371 0 13371
13383 0 13383
13386 0 13386
13389 0 13389
13392 0 13392
13395 0 13395
13398 0 13398
13401 0 13401
13404 0 13404
13407 0 13407
13413 0 13413
13416 0 13416
13419 0 13419
13420 0 13420
13422 0 13422
13431 0 13431
13434 0 13434
13437 0 13437
13440 0 13440
13443 0 13443
13449 0 13449
13452 0 13452
13452 0 13452
13455 0 13455
13461 0 13461
13464 0 13464
13466 0 13466
13468 0 13468
13469 0 13469
13470 0 13470
13471 0 13471
13473 0 13473
13474 0 13474
13476 0 13476
13477 0 13477
13479 0 13479
13479 0 13479
13482 0 13482
13485 0 13485
13488 0 13488
13491 0 13491
13494 0 13494
13497 0 13497
13500 0 13500
13506 0 13506
13509 0 13509
13512 0 13512
13515 0 13515
13518 0 13518
13521 0 13521
13524 0 13524
13527 0 13527
13528 0 13528
13530 0 13530
13535 0 13535
13539 0 13539
13542 0 13542
13542 0 13542
13543 0 13543
13545 0 13545
13547 0 13547
13557 0 13557
13563 0 13563
13564 0 13564
13565 0 13565
13566 0 13566
13569 0 13569
13572 0 13572
13573 0 13573
13575 0 13575
13581 0 13581
13584 0 13584
13590 0 13590
13594 0 13594
13596 0 13596
13599 0 13599
13602 0 13602
13603 0 13603
13604 0 13604
13606 0 13606
13608 0 13608
13611 0 13611
13614 0 13614
13615 0 13615
13617 0 13617
13620 0 13620
13623 0 13623
13626 0 13626
13627 0 13627
13629 0 13629
13630 0 13630
13632 0 13632
13635 0 13635
13635 0 13635
13637 0 13637
13638 0 13638
13641 0 13641
13647 0 13647
13650 0 13650
13651 0 13651
13651 0 13651
13653 0 13653
13654 0 13654
13656 0 13656
13658 0 13658
13659 0 13659
13661 0 13661
13662 0 13662
13665 0 13665
13668 0 13668
13674 0 13674
13675 0 13675
13677 0 13677
13680 0 13680
13681 0 13681
13681 0 13681
13686 0 13686
13689 0 13689
13692 0 13692
13695 0 13695
13698 0 13698
13701 0 13701
13702 0 13702
13707 0 13707
13708 0 13708
13710 0 13710
13711 0 13711
13712 0 13712
13713 0 13713
13713 0 13713
13716 0 13716
13720 0 13720
13722 0 13722
13725 0 13725
13731 0 13731
13734 0 13734
13737 0 13737
13740 0 13740
13741 0 13741
13742 0 13742
13743 0 13743
13745 0 13745
13746 0 13746
13748 0 13748
13749 0 13749
13752 0 13752
13752 0 13752
13753 0 13753
13754 0 13754
13755 0 13755
13758 0 13758
13759 0 13759
13760 0 13760
13762 0 13762
13763 0 13763
13764 0 13764
13767 0 13767
13767 0 13767
13768 0 13768
13768 0 13768
13770 0 13770
13770 0 13770
13773 0 13773
13780 0 13780
13781 0 13781
13782 0 13782
13782 0 13782
13785 0 13785
13788 0 13788
13788 0 13788
13789 0 13789
13790 0 13790
13791 0 13791
13800 0 13800
13801 0 13801
13802 0 13802
13803 0 13803
13806 0 13806
13807 0 13807
13810 0 13810
13812 0 13812
13813 0 13813
13815 0 13815
13818 0 13818
13819 0 13819
13820 0 13820
13821 0 13821
13821 0 13821
13824 0 13824
13827 0 13827
13830 0 13830
13833 0 13833
13834 0 13834
13836 0 13836
13848 0 13848
13851 0 13851
13855 0 13855
13857 0 13857
13858 0 13858
13860 0 13860
13862 0 13862
13863 0 13863
13866 0 13866
13869 0 13869
13874 0 13874
13878 0 13878
13879 0 13879
13879 0 13879
13880 0 13880
13881 0 13881
13884 0 13884
13885 0 13885
13886 0 13886
13887 0 13887
13889 0 13889
13890 0 13890
13893 0 13893
13896 0 13896
13899 0 13899
13902 0 13902
13905 0 13905
13907 0 13907
13908 0 13908
13911 0 13911
13914 0 13914
13914 0 13914
13917 0 13917
13917 0 13917
13920 0 13920
13923 0 13923
13924 0 13924
13926 0 13926
13927 0 13927
13928 0 13928
13928 0 13928
13928 0 13928
13929 0 13929
13932 0 13932
13933 0 13933
13934 0 13934
13938 0 13938
13941 0 13941
13942 0 13942
13943 0 13943
13947 0 13947
13948 0 13948
13950 0 13950
13953 0 13953
13954 0 13954
13956 0 13956
13958 0 13958
13959 0 13959
13962 0 13962
13965 0 13965
13966 0 13966
13967 0 13967
13968 0 13968
13968 0 13968
13971 0 13971
13973 0 13973
13977 0 13977
13980 0 13980
13980 0 13980
13981 0 13981
13984 0 13984
13986 0 13986
13988 0 13988
13989 0 13989
13992 0 13992
13995 0 13995
13998 0 13998
13999 0 13999
14000 0 14000
14001 0 14001
14002 0 14002
14003 0 14003
14004 0 14004
14007 0 14007
14013 0 14013
14016 0 14016
14017 0 14017
14020 0 14020
14020 0 14020
14022 0 14022
14025 0 14025
14027 0 14027
14029 0 14029
14030 0 14030
14034 0 14034
14037 0 14037
14040 0 14040
14041 0 14041
14047 0 14047
14049 0 14049
14052 0 14052
14053 0 14053
14058 0 14058
14059 0 14059
14060 0 14060
14061 0 14061
14061 0 14061
14062 0 14062
14063 0 14063
14064 0 14064
14065 0 14065
14066 0 14066
14067 0 14067
14070 0 14070
14071 0 14071
14073 0 14073
14079 0 14079
14088 0 14088
14091 0 14091
14094 0 14094
14097 0 14097
14100 0 14100
14103 0 14103
14106 0 14106
14109 0 14109
14110 0 14110
14115 0 14115
14118 0 14118
14119 0 14119
14121 0 14121
14122 0 14122
14122 0 14122
14124 0 14124
14125 0 14125
14127 0 14127
14127 0 14127
14128 0 14128
14129 0 14129
14130 0 14130
14131 0 14131
14133 0 14133
14136 0 14136
14137 0 14137
14139 0 14139
14142 0 14142
14142 0 14142
14142 0 14142
14145 0 14145
14148 0 14148
14149 0 14149
14152 0 14152
14153 0 14153
14155 0 14155
14158 0 14158
14161 0 14161
14162 0 14162
14163 0 14163
14167 0 14167
14173 0 14173
14176 0 14176
14178 0 14178
14179 0 14179
14180 0 14180
14180 0 14180
14181 0 14181
14182 0 14182
14185 0 14185
14185 0 14185
14187 0 14187
14188 0 14188
14189 0 14189
14193 0 14193
14194 0 14194
14197 0 14197
14198 0 14198
14199 0 14199
14199 0 14199
14200 0 14200
14203 0 14203
14206 0 14206
14207 0 14207
14208 0 14208
14209 0 14209
14211 0 14211
14212 0 14212
14215 0 14215
14218 0 14218
14220 0 14220
14221 0 14221
14224 0 14224
14224 0 14224
14225 0 14225
14226 0 14226
14227 0 14227
14230 0 14230
14233 0 14233
14239 0 14239
14245 0 14245
14248 0 14248
14249 0 14249
14251 0 14251
14256 0 14256
14257 0 14257
14258 0 14258
14259 0 14259
14260 0 14260
14263 0 14263
14266 0 14266
14267 0 14267
14269 0 14269
14271 0 14271
14272 0 14272
14272 0 14272
14274 0 14274
14275 0 14275
14278 0 14278
14279 0 14279
14280 0 14280
14281 0 14281
14284 0 14284
14287 0 14287
14290 0 14290
14293 0 14293
14296 0 14296
14299 0 14299
14302 0 14302
14305 0 14305
14306 0 14306
14308 0 14308
14311 0 14311
14311 0 14311
14314 0 14314
14315 0 14315
14316 0 14316
14318 0 14318
14319 0 14319
14323 0 14323
14325 0 14325
14326 0 14326
14329 0 14329
14332 0 14332
14334 0 14334
14335 0 14335
14337 0 14337
14338 0 14338
14339 0 14339
14340 0 14340
14341 0 14341
14344 0 14344
14347 0 14347
14348 0 14348
14350 0 14350
14353 0 14353
14356 0 14356
14357 0 14357
14359 0 14359
14364 0 14364
14365 0 14365
14365 0 14365
14368 0 14368
14368 0 14368
14370 0 14370
14371 0 14371
14374 0 14374
14377 0 14377
14380 0 14380
14383 0 14383
14383 0 14383
14384 0 14384
14384 0 14384
14386 0 14386
14388 0 14388
14389 0 14389
14392 0 14392
14393 0 14393
14395 0 14395
14398 0 14398
14401 0 14401
14404 0 14404
14405 0 14405
14407 0 14407
14409 0 14409
14410 0 14410
14410 0 14410
14417 0 14417
14419 0 14419
14420 0 14420
14422 0 14422
14425 0 14425
14428 0 14428
14431 0 14431
14433 0 14433
14434 0 14434
14437 0 14437
14440 0 14440
14443 0 14443
14446 0 14446
14449 0 14449
14452 0 14452
14455 0 14455
14461 0 14461
14464 0 14464
14467 0 14467
14470 0 14470
14470 0 14470
14476 0 14476
14476 0 14476
14482 0 14482
14484 0 14484
14485 0 14485
14488 0 14488
14491 0 14491
14494 0 14494
14497 0 14497
14500 0 14500
14501 0 14501
14502 0 14502
14503 0 14503
14509 0 14509
14512 0 14512
14514 0 14514
14515 0 14515
14517 0 14517
14518 0 14518
14524 0 14524
14527 0 14527
14530 0 14530
14533 0 14533
14533 0 14533
14539 0 14539
14540 0 14540
14542 0 14542
14544 0 14544
14548 0 14548
14550 0 14550
14551 0 14551
14552 0 14552
14553 0 14553
14554 0 14554
14557 0 14557
14560 0 14560
14560 0 14560
14561 0 14561
14562 0 14562
14563 0 14563
14564 0 14564
14565 0 14565
14566 0 14566
14568 0 14568
14569 0 14569
14571 0 14571
14572 0 14572
14573 0 14573
14574 0 14574
14577 0 14577
14577 0 14577
14580 0 14580
14581 0 14581
14582 0 14582
14584 0 14584
14587 0 14587
14590 0 14590
14593 0 14593
14596 0 14596
14598 0 14598
14599 0 14599
14602 0 14602
14605 0 14605
14605 0 14605
14608 0 14608
14620 0 14620
14629 0 14629
14632 0 14632
14634 0 14634
14635 0 14635
14647 0 14647
14650 0 14650
14653 0 14653
14659 0 14659
14662 0 14662
14664 0 14664
14668 0 14668
14669 0 14669
14674 0 14674
14683 0 14683
14684 0 14684
14687 0 14687
14690 0 14690
14691 0 14691
14692 0 14692
14693 0 14693
14696 0 14696
14696 0 14696
14706 0 14706
14727 0 14727
14737 0 14737
14743 0 14743
14745 0 14745
14750 0 14750
14751 0 14751
14755 0 14755
14755 0 14755
14756 0 14756
14757 0 14757
14764 0 14764
14766 0 14766
14767 0 14767
14769 0 14769
14770 0 14770
14774 0 14774
14782 0 14782
14783 0 14783
14788 0 14788
14790 0 14790
14791 0 14791
14793 0 14793
14794 0 14794
14797 0 14797
14798 0 14798
14800 0 14800
14800 0 14800
14803 0 14803
14809 0 14809
14812 0 14812
14815 0 14815
14818 0 14818
14818 0 14818
14819 0 14819
14821 0 14821
14821 0 14821
14827 0 14827
14830 0 14830
14830 0 14830
14831 0 14831
14832 0 14832
14833 0 14833
14836 0 14836
14839 0 14839
14841 0 14841
14845 0 14845
14851 0 14851
14854 0 14854
14857 0 14857
14858 0 14858
14860 0 14860
14861 0 14861
14862 0 14862
14866 0 14866
14867 0 14867
14869 0 14869
14869 0 14869
14870 0 14870
14871 0 14871
14872 0 14872
14878 0 14878
14879 0 14879
14881 0 14881
14883 0 14883
14884 0 14884
14887 0 14887
14890 0 14890
14891 0 14891
14893 0 14893
14894 0 14894
14902 0 14902
14905 0 14905
14908 0 14908
14911 0 14911
14912 0 14912
14914 0 14914
14914 0 14914
14920 0 14920
14921 0 14921
14924 0 14924
14926 0 14926
14927 0 14927
14929 0 14929
14935 0 14935
14941 0 14941
14944 0 14944
14945 0 14945
14947 0 14947
14950 0 14950
14952 0 14952
14953 0 14953
14954 0 14954
14956 0 14956
14959 0 14959
14962 0 14962
14965 0 14965
14968 0 14968
14970 0 14970
14971 0 14971
14974 0 14974
14978 0 14978
14979 0 14979
14980 0 14980
14980 0 14980
14981 0 14981
14989 0 14989
14990 0 14990
14992 0 14992
14996 0 14996
14998 0 14998
15001 0 15001
15002 0 15002
15004 0 15004
15007 0 15007
15010 0 15010
15013 0 15013
15014 0 15014
15016 0 15016
15019 0 15019
15022 0 15022
15024 0 15024
15024 0 15024
15025 0 15025
15028 0 15028
15028 0 15028
15031 0 15031
15034 0 15034
15037 0 15037
15038 0 15038
15040 0 15040
15040 0 15040
15043 0 15043
15046 0 15046
15047 0 15047
15049 0 15049
15052 0 15052
15055 0 15055
15058 0 15058
15061 0 15061
15064 0 15064
15064 0 15064
15067 0 15067
15071 0 15071
15072 0 15072
15074 0 15074
15076 0 15076
15077 0 15077
15078 0 15078
15080 0 15080
15082 0 15082
15087 0 15087
15088 0 15088
15090 0 15090
15094 0 15094
15095 0 15095
15097 0 15097
15098 0 15098
15099 0 15099
15100 0 15100
15103 0 15103
15106 0 15106
15109 0 15109
15110 0 15110
15113 0 15113
15115 0 15115
15115 0 15115
15118 0 15118
15119 0 15119
15122 0 15122
15124 0 15124
15130 0 15130
15133 0 15133
15136 0 15136
15139 0 15139
15140 0 15140
15142 0 15142
15145 0 15145
15148 0 15148
15151 0 15151
15152 0 15152
15153 0 15153
15154 0 15154
15154 0 15154
15164 0 15164
15166 0 15166
15172 0 15172
15172 0 15172
15175 0 15175
15178 0 15178
15181 0 15181
15184 0 15184
15187 0 15187
15190 0 15190
15191 0 15191
15193 0 15193
15194 0 15194
15196 0 15196
15199 0 15199
15199 0 15199
15202 0 15202
15203 0 15203
15204 0 15204
15208 0 15208
15209 0 15209
15211 0 15211
15212 0 15212
15213 0 15213
15214 0 15214
15217 0 15217
15218 0 15218
15219 0 15219
15220 0 15220
15221 0 15221
15222 0 15222
15223 0 15223
15224 0 15224
15226 0 15226
15229 0 15229
15235 0 15235
15236 0 15236
15237 0 15237
15241 0 15241
15244 0 15244
15245 0 15245
15247 0 15247
15247 0 15247
15249 0 15249
15250 0 15250
15253 0 15253
15256 0 15256
15257 0 15257
15258 0 15258
15259 0 15259
15261 0 15261
15262 0 15262
15263 0 15263
15265 0 15265
15268 0 15268
15272 0 15272
15280 0 15280
15283 0 15283
15286 0 15286
15287 0 15287
15289 0 15289
15292 0 15292
15295 0 15295
15297 0 15297
15298 0 15298
15299 0 15299
15300 0 15300
15301 0 15301
15304 0 15304
15304 0 15304
15307 0 15307
15310 0 15310
15311 0 15311
15312 0 15312
15313 0 15313
15314 0 15314
15315 0 15315
15316 0 15316
15317 0 15317
15319 0 15319
15322 0 15322
15323 0 15323
15324 0 15324
15325 0 15325
15325 0 15325
15326 0 15326
15327 0 15327
15328 0 15328
15331 0 15331
15331 0 15331
15334 0 15334
15337 0 15337
15338 0 15338
15340 0 15340
15341 0 15341
15343 0 15343
15344 0 15344
15346 0 15346
15349 0 15349
15352 0 15352
15355 0 15355
15358 0 15358
15363 0 15363
15364 0 15364
15367 0 15367
15370 0 15370
15373 0 15373
15377 0 15377
15379 0 15379
15380 0 15380
15381 0 15381
15383 0 15383
15385 0 15385
15386 0 15386
15388 0 15388
15391 0 15391
15391 0 15391
15391 0 15391
15394 0 15394
15397 0 15397
15398 0 15398
15400 0 15400
15401 0 15401
15402 0 15402
15402 0 15402
15403 0 15403
15406 0 15406
15409 0 15409
15412 0 15412
15412 0 15412
15418 0 15418
15421 0 15421
15422 0 15422
15424 0 15424
15427 0 15427
15430 0 15430
15431 0 15431
15433 0 15433
15434 0 15434
15436 0 15436
15439 0 15439
15440 0 15440
15442 0 15442
15445 0 15445
15448 0 15448
15448 0 15448
15449 0 15449
15451 0 15451
15452 0 15452
15452 0 15452
15453 0 15453
15454 0 15454
15457 0 15457
15458 0 15458
15459 0 15459
15460 0 15460
15461 0 15461
15462 0 15462
15463 0 15463
15465 0 15465
15466 0 15466
15467 0 15467
15468 0 15468
15470 0 15470
15473 0 15473
15475 0 15475
15479 0 15479
15481 0 15481
15481 0 15481
15482 0 15482
15483 0 15483
15484 0 15484
15487 0 15487
15487 0 15487
15490 0 15490
15491 0 15491
15493 0 15493
15494 0 15494
15496 0 15496
15497 0 15497
15498 0 15498
15499 0 15499
15500 0 15500
15508 0 15508
15510 0 15510
15511 0 15511
15514 0 15514
15517 0 15517
15518 0 15518
15519 0 15519
15519 0 15519
15520 0 15520
15521 0 15521
15523 0 15523
15524 0 15524
15525 0 15525
15529 0 15529
15529 0 15529
15530 0 15530
15533 0 15533
15534 0 15534
15535 0 15535
15538 0 15538
15541 0 15541
15542 0 15542
15544 0 15544
15544 0 15544
15547 0 15547
15550 0 15550
15553 0 15553
15559 0 15559
15562 0 15562
15565 0 15565
15568 0 15568
15571 0 15571
15574 0 15574
15580 0 15580
15583 0 15583
15586 0 15586
15589 0 15589
15592 0 15592
15596 0 15596
15598 0 15598
15601 0 15601
15603 0 15603
15604 0 15604
15607 0 15607
15610 0 15610
15613 0 15613
15616 0 15616
15617 0 15617
15618 0 15618
15619 0 15619
15622 0 15622
15625 0 15625
15625 0 15625
15626 0 15626
15628 0 15628
15629 0 15629
15631 0 15631
15632 0 15632
15634 0 15634
15637 0 15637
15640 0 15640
15643 0 15643
15644 0 15644
15646 0 15646
15649 0 15649
15650 0 15650
15651 0 15651
15652 0 15652
15653 0 15653
15654 0 15654
15655 0 15655
15657 0 15657
15658 0 15658
15661 0 15661
15662 0 15662
15663 0 15663
15664 0 15664
15667 0 15667
15668 0 15668
15670 0 15670
15671 0 15671
15672 0 15672
15673 0 15673
15674 0 15674
15676 0 15676
15679 0 15679
15682 0 15682
15684 0 15684
15688 0 15688
15691 0 15691
15692 0 15692
15693 0 15693
15697 0 15697
15700 0 15700
15703 0 15703
15706 0 15706
15708 0 15708
15709 0 15709
15712 0 15712
15713 0 15713
15714 0 15714
15715 0 15715
15718 0 15718
15719 0 15719
15721 0 15721
15724 0 15724
15725 0 15725
15727 0 15727
15728 0 15728
15730 0 15730
15731 0 15731
15732 0 15732
15733 0 15733
15734 0 15734
15735 0 15735
15737 0 15737
15740 0 15740
15742 0 15742
15743 0 15743
15745 0 15745
15746 0 15746
15747 0 15747
15748 0 15748
15749 0 15749
15752 0 15752
15754 0 15754
15757 0 15757
15758 0 15758
15760 0 15760
15763 0 15763
15765 0 15765
15766 0 15766
15769 0 15769
15770 0 15770
15772 0 15772
15773 0 15773
15774 0 15774
15775 0 15775
15776 0 15776
15777 0 15777
15777 0 15777
15778 0 15778
15779 0 15779
15781 0 15781
15784 0 15784
15787 0 15787
15789 0 15789
15790 0 15790
15791 0 15791
15792 0 15792
15793 0 15793
15796 0 15796
15799 0 15799
15802 0 15802
15803 0 15803
15804 0 15804
15805 0 15805
15808 0 15808
15811 0 15811
15812 0 15812
15813 0 15813
15814 0 15814
15815 0 15815
15817 0 15817
15820 0 15820
15823 0 15823
15824 0 15824
15826 0 15826
15828 0 15828
15832 0 15832
15833 0 15833
15835 0 15835
15836 0 15836
15837 0 15837
15839 0 15839
15844 0 15844
15847 0 15847
15848 0 15848
15849 0 15849
15850 0 15850
15850 0 15850
15851 0 15851
15852 0 15852
15853 0 15853
15854 0 15854
15856 0 15856
15857 0 15857
15859 0 15859
15860 0 15860
15862 0 15862
15865 0 15865
15866 0 15866
15868 0 15868
15872 0 15872
15874 0 15874
15880 0 15880
15883 0 15883
15884 0 15884
15884 0 15884
15884 0 15884
15885 0 15885
15886 0 15886
15889 0 15889
15891 0 15891
15892 0 15892
15893 0 15893
15894 0 15894
15896 0 15896
15900 0 15900
15901 0 15901
15902 0 15902
15903 0 15903
15904 0 15904
15905 0 15905
15905 0 15905
15907 0 15907
15908 0 15908
15909 0 15909
15910 0 15910
15911 0 15911
15912 0 15912
15913 0 15913
15914 0 15914
15916 0 15916
15917 0 15917
15924 0 15924
15926 0 15926
15927 0 15927
15928 0 15928
15928 0 15928
15929 0 15929
15930 0 15930
15932 0 15932
15935 0 15935
15936 0 15936
15936 0 15936
15937 0 15937
15937 0 15937
15938 0 15938
15939 0 15939
15940 0 15940
15941 0 15941
15942 0 15942
15943 0 15943
15944 0 15944
15945 0 15945
15946 0 15946
15947 0 15947
15948 0 15948
15949 0 15949
15951 0 15951
15952 0 15952
15954 0 15954
15954 0 15954
15955 0 15955
15965 0 15965
15968 0 15968
15969 0 15969
15970 0 15970
15972 0 15972
15977 0 15977
15978 0 15978
15984 0 15984
15992 0 15992
16000 0 16000
16000 0 16000
16017 0 16017
16023 0 16023
16037 0 16037
16038 0 16038
16039 0 16039
16041 0 16041
16042 0 16042
16048 0 16048
16051 0 16051
16052 0 16052
16058 0 16058
16063 0 16063
16065 0 16065
16066 0 16066
16067 0 16067
16068 0 16068
16069 0 16069
16070 0 16070
16071 0 16071
16072 0 16072
16074 0 16074
16075 0 16075
16077 0 16077
16078 0 16078
16079 0 16079
16080 0 16080
16082 0 16082
16083 0 16083
16084 0 16084
16085 0 16085
16086 0 16086
16090 0 16090
16091 0 16091
16092 0 16092
16092 0 16092
16093 0 16093
16093 0 16093
16093 0 16093
16094 0 16094
16095 0 16095
16097 0 16097
16098 0 16098
16102 0 16102
16103 0 16103
16104 0 16104
16104 0 16104
16108 0 16108
16111 0 16111
16111 0 16111
16111 0 16111
16113 0 16113
16114 0 16114
16114 0 16114
16114 0 16114
16117 0 16117
16119 0 16119
16124 0 16124
16126 0 16126
16127 0 16127
16129 0 16129
16129 0 16129
16129 0 16129
16131 0 16131
16132 0 16132
16133 0 16133
16134 0 16134
16136 0 16136
16137 0 16137
16138 0 16138
16140 0 16140
16141 0 16141
16142 0 16142
16144 0 16144
16144 0 16144
16145 0 16145
16146 0 16146
16147 0 16147
16147 0 16147
16147 0 16147
16148 0 16148
16148 0 16148
16150 0 16150
16152 0 16152
16153 0 16153
16154 0 16154
16156 0 16156
16157 0 16157
16158 0 16158
16160 0 16160
16162 0 16162
16162 0 16162
16163 0 16163
16163 0 16163
16164 0 16164
16164 0 16164
16165 0 16165
16166 0 16166
16166 0 16166
16167 0 16167
16168 0 16168
16169 0 16169
16169 0 16169
16170 0 16170
16171 0 16171
16171 0 16171
16171 0 16171
16172 0 16172
16173 0 16173
16174 0 16174
16175 0 16175
16175 0 16175
16175 0 16175
16176 0 16176
16176 0 16176
16176 0 16176
16177 0 16177
16177 0 16177
16178 0 16178
16179 0 16179
16179 0 16179
16180 0 16180
16180 0 16180
16181 0 16181
16181 0 16181
16182 0 16182
16182 0 16182
16182 0 16182
16183 0 16183
16183 0 16183
16184 0 16184
16184 0 16184
16185 0 16185
16186 0 16186
16187 0 16187
16187 0 16187
16188 0 16188
16188 0 16188
16188 0 16188
16189 0 16189
16189 0 16189
16190 0 16190
16192 0 16192
16192 0 16192
16193 0 16193
16194 0 16194
16194 0 16194
16195 0 16195
16196 0 16196
16198 0 16198
16201 0 16201
16203 0 16203
16204 0 16204
16206 0 16206
16207 0 16207
16207 0 16207
16207 0 16207
16209 0 16209
16210 0 16210
16211 0 16211
16212 0 16212
16213 0 16213
16214 0 16214
16214 0 16214
16215 0 16215
16215 0 16215
16216 0 16216
16217 0 16217
16218 0 16218
16219 0 16219
16220 0 16220
16220 0 16220
16221 0 16221
16221 0 16221
16222 0 16222
16223 0 16223
16224 0 16224
16225 0 16225
16227 0 16227
16227 0 16227
16229 0 16229
16230 0 16230
16231 0 16231
16232 0 16232
16232 0 16232
16233 0 16233
16233 0 16233
16234 0 16234
16234 0 16234
16235 0 16235
16239 0 16239
16239 0 16239
16239 0 16239
16240 0 16240
16240 0 16240
16240 0 16240
16241 0 16241
16241 0 16241
16242 0 16242
16242 0 16242
16243 0 16243
16244 0 16244
16245 0 16245
16246 0 16246
16246 0 16246
16247 0 16247
16248 0 16248
16249 0 16249
16249 0 16249
16250 0 16250
16254 0 16254
16254 0 16254
16255 0 16255
16256 0 16256
16256 0 16256
16256 0 16256
16257 0 16257
16257 0 16257
16258 0 16258
16258 0 16258
16258 0 16258
16259 0 16259
16259 0 16259
16259 0 16259
16260 0 16260
16261 0 16261
16261 0 16261
16261 0 16261
16262 0 16262
16263 0 16263
16264 0 16264
16265 0 16265
16265 0 16265
16265 0 16265
16266 0 16266
16266 0 16266
16266 0 16266
16267 0 16267
16268 0 16268
16268 0 16268
16269 0 16269
16269 0 16269
16270 0 16270
16270 0 16270
16270 0 16270
16271 0 16271
16272 0 16272
16272 0 16272
16273 0 16273
16274 0 16274
16275 0 16275
16278 0 16278
16280 0 16280
16283 0 16283
16284 0 16284
16286 0 16286
16286 0 16286
16286 0 16286
16287 0 16287
16287 0 16287
16288 0 16288
16288 0 16288
16289 0 16289
16289 0 16289
16290 0 16290
16290 0 16290
16291 0 16291
16291 0 16291
16291 0 16291
16292 0 16292
16292 0 16292
16293 0 16293
16293 0 16293
16293 0 16293
16294 0 16294
16294 0 16294
16294 0 16294
16295 0 16295
16296 0 16296
16297 0 16297
16298 0 16298
16299 0 16299
16300 0 16300
16301 0 16301
16301 0 16301
16301 0 16301
16302 0 16302
16303 0 16303
16304 0 16304
16304 0 16304
16305 0 16305
16305 0 16305
16309 0 16309
16310 0 16310
16311 0 16311
16312 0 16312
16316 0 16316
16317 0 16317
16317 0 16317
16318 0 16318
16318 0 16318
16318 0 16318
16319 0 16319
16320 0 16320
16323 0 16323
16324 0 16324
16325 0 16325
16326 0 16326
16327 0 16327
16327 0 16327
16328 0 16328
16330 0 16330
16331 0 16331
16335 0 16335
16336 0 16336
16337 0 16337
16338 0 16338
16342 0 16342
16343 0 16343
16343 0 16343
16344 0 16344
16346 0 16346
16346 0 16346
16348 0 16348
16350 0 16350
16352 0 16352
16353 0 16353
16354 0 16354
16355 0 16355
16355 0 16355
16356 0 16356
16357 0 16357
16359 0 16359
16360 0 16360
16360 0 16360
16361 0 16361
16362 0 16362
16362 0 16362
16365 0 16365
16366 0 16366
16368 0 16368
16371 0 16371
16374 0 16374
16380 0 16380
16381 0 16381
16381 0 16381
16385 0 16385
16390 0 16390
16390 0 16390
16391 0 16391
16392 0 16392
16393 0 16393
16398 0 16398
16399 0 16399
16400 0 16400
16408 0 16408
16409 0 16409
16422 0 16422
16428 0 16428
16429 0 16429
16437 0 16437
16438 0 16438
16439 0 16439
16443 0 16443
16445 0 16445
16448 0 16448
16452 0 16452
16456 0 16456
16457 0 16457
16463 0 16463
16465 0 16465
16465 0 16465
16467 0 16467
16468 0 16468
16470 0 16470
16471 0 16471
16473 0 16473
16474 0 16474
16474 0 16474
16474 0 16474
16482 0 16482
16483 0 16483
16485 0 16485
16486 0 16486
16488 0 16488
16491 0 16491
16494 0 16494
16496 0 16496
16497 0 16497
16504 0 16504
16505 0 16505
16506 0 16506
16508 0 16508
16509 0 16509
16512 0 16512
16516 0 16516
16518 0 16518
16518 0 16518
16518 0 16518
16519 0 16519
16523 0 16523
16524 0 16524
16524 0 16524
16524 0 16524
16525 0 16525
16525 0 16525
16526 0 16526
16527 0 16527
16528 0 16528
16533 0 16533
16540 0 16540
16541 0 16541
16544 0 16544
16545 0 16545
16566 0 16566
16568 0 16568
16569 0 16569
